25	81	363	12	57	279	11	51	298
3	17	28	1	12	22	1	11	23
36	217	319	18	154	245	16	138	262
10	29	61	5	21	47	4	18	50
28	109	276	14	77	212	12	69	227
0	19	33	0	13	25	0	12	27
5	12	23	2	9	18	2	8	19
43	142	459	21	101	353	19	90	377
10	7	56	5	5	43	4	4	46
0	10	33	0	7	25	0	6	27
3	13	15	1	9	12	1	8	12
33	59	167	16	42	128	14	37	137
4	9	40	2	6	31	2	6	33
16	21	90	8	15	69	7	13	74
3	10	34	1	7	26	1	6	28
29	129	265	14	91	204	13	82	218
2	4	37	1	3	28	1	3	30
0	3	12	0	2	9	0	2	10
183	761	2313	91	539	1776	79	483	1901
86	118	339	43	84	260	37	75	279
8	32	56	4	23	43	3	20	46
59	168	681	29	119	523	26	107	560
4	23	37	2	16	28	2	15	30
131	246	537	65	174	412	57	156	441
33	181	246	16	128	189	14	115	202
11	21	94	5	15	72	5	13	77
11	19	35	5	13	27	5	12	29
219	296	511	109	210	392	95	188	420
16	9	21	8	6	16	7	6	17
62	131	258	31	93	198	27	83	212
29	28	160	14	20	123	13	18	132
297	741	1736	148	525	1333	128	470	1427
90	139	248	45	98	190	39	88	204
8	22	51	4	16	39	3	14	42
5	23	106	2	16	81	2	15	87
0	7	18	0	5	14	0	4	15
192	522	1637	96	370	1257	83	331	1345
133	222	774	66	157	594	58	141	636
3	11	17	1	8	13	1	7	14
17	39	97	8	28	74	7	25	80
18	15	37	9	11	28	8	10	30
0	52	163	0	37	125	0	33	134
17	29	80	8	21	61	7	18	66
125	150	709	62	106	545	54	95	583
200	309	698	100	219	536	86	196	574
11	5	19	5	4	15	5	3	16
96	206	832	48	146	639	42	131	684
278	443	1136	139	314	872	120	281	934
20	109	237	10	77	182	9	69	195
18	10	55	9	7	42	8	6	45
11	36	87	5	26	67	5	23	72
133	180	752	66	128	578	58	114	618
20	72	128	10	51	98	9	46	105
0	0	0	0	0	0	0	0	0
10	31	121	5	22	93	4	20	99
35	43	89	17	30	68	15	27	73
23	51	34	11	36	26	10	32	28
3	18	67	1	13	51	1	11	55
71	130	373	35	92	286	31	82	307
13	17	286	6	12	220	6	11	235
46	45	74	23	32	57	20	29	61
24	48	72	12	34	55	10	30	59
148	378	970	74	268	745	64	240	797
57	127	294	28	90	226	25	81	242
243	498	1984	121	353	1524	105	316	1631
29	94	233	14	67	179	13	60	192
67	264	580	33	187	445	29	167	477
733	952	3421	366	674	2627	317	604	2812
73	107	639	36	76	491	32	68	525
7	11	25	3	8	19	3	7	21
17	52	148	8	37	114	7	33	122
180	132	670	90	94	515	78	84	551
17	37	105	8	26	81	7	23	86
140	636	1448	70	451	1112	61	403	1190
50	181	249	25	128	191	22	115	205
16	29	105	8	21	81	7	18	86
22	68	209	11	48	161	10	43	172
46	66	153	23	47	118	20	42	126
105	210	601	52	149	462	45	133	494
30	50	162	15	35	124	13	32	133
19	24	68	9	17	52	8	15	56
2	0	8	1	0	6	1	0	7
1	6	61	0	4	47	0	4	50
32	95	162	16	67	124	14	60	133
0	5	14	0	4	11	0	3	12
291	216	1062	145	153	816	126	137	873
228	336	1368	114	238	1051	99	213	1124
9	21	83	4	15	64	4	13	68
7	16	41	3	11	31	3	10	34
22	177	348	11	125	267	10	112	286
81	78	298	40	55	229	35	49	245
16	60	170	8	43	131	7	38	140
11	77	160	5	55	123	5	49	132
4	10	32	2	7	25	2	6	26
6	0	58	3	0	45	3	0	48
57	209	381	28	148	293	25	133	313
76	122	491	38	86	377	33	77	404
23	63	198	11	45	152	10	40	163
156	189	267	78	134	205	67	120	219
7	51	138	3	36	106	3	32	113
6	2	27	3	1	21	3	1	22
168	292	749	84	207	575	73	185	616
12	28	33	6	20	25	5	18	27
136	190	634	68	135	487	59	120	521
27	73	208	13	52	160	12	46	171
25	69	98	12	49	75	11	44	81
66	97	248	33	69	190	29	62	204
9	7	59	4	5	45	4	4	48
1851	2678	8898	923	1897	6834	800	1698	7313
96	175	636	48	124	488	42	111	523
141	160	627	70	113	482	61	101	515
9	8	51	4	6	39	4	5	42
11	38	128	5	27	98	5	24	105
8	21	57	4	15	44	3	13	47
10	104	225	5	74	173	4	66	185
0	8	39	0	6	30	0	5	32
24	5	35	12	4	27	10	3	29
173	224	577	86	159	443	75	142	474
35	118	272	17	84	209	15	75	224
116	190	600	58	135	461	50	120	493
219	254	940	109	180	722	95	161	773
717	1086	3080	358	769	2365	310	689	2531
13	67	138	6	47	106	6	42	113
40	49	142	20	35	109	17	31	117
30	23	31	15	16	24	13	15	25
41	74	122	20	52	94	18	47	100
126	184	1180	63	130	906	54	117	970
4	16	70	2	11	54	2	10	58
13	19	72	6	13	55	6	12	59
18	61	184	9	43	141	8	39	151
42	145	474	21	103	364	18	92	390
80	60	193	40	43	148	35	38	159
28	60	170	14	43	131	12	38	140
20	34	122	10	24	94	9	22	100
6	28	76	3	20	58	3	18	62
21	51	162	10	36	124	9	32	133
13	25	48	6	18	37	6	16	39
80	144	262	40	102	201	35	91	215
33	68	172	16	48	132	14	43	141
26	59	218	13	42	167	11	37	179
17	19	98	8	13	75	7	12	81
11	20	38	5	14	29	5	13	31
4	14	44	2	10	34	2	9	36
38	168	388	19	119	298	16	107	319
27	52	82	13	37	63	12	33	67
499	653	2021	249	463	1552	216	414	1661
58	78	415	29	55	319	25	49	341
15	27	134	7	19	103	6	17	110
0	18	22	0	13	17	0	11	18
138	174	432	69	123	332	60	110	355
104	205	805	52	145	618	45	130	662
128	210	314	64	149	241	55	133	258
22	78	195	11	55	150	10	49	160
648	961	3585	323	681	2753	280	609	2947
6	5	17	3	4	13	3	3	14
65	106	166	32	75	127	28	67	136
4	18	55	2	13	42	2	11	45
9	95	352	4	67	270	4	60	289
4	15	18	2	11	14	2	10	15
16	38	92	8	27	71	7	24	76
49	182	548	24	129	421	21	115	450
8	59	178	4	42	137	3	37	146
18	28	90	9	20	69	8	18	74
13	38	63	6	27	48	6	24	52
73	97	189	36	69	145	32	62	155
40	61	145	20	43	111	17	39	119
0	13	28	0	9	22	0	8	23
4	8	29	2	6	22	2	5	24
470	905	2404	234	641	1846	203	574	1976
58	130	457	29	92	351	25	82	376
6	20	16	3	14	12	3	13	13
55	59	211	27	42	162	24	37	173
41	84	424	20	60	326	18	53	348
5	28	36	2	20	28	2	18	30
17	10	66	8	7	51	7	6	54
2	8	16	1	6	12	1	5	13
6	50	111	3	35	85	3	32	91
63	61	138	31	43	106	27	39	113
22	107	245	11	76	188	10	68	201
87	216	678	43	153	521	38	137	557
5	23	44	2	16	34	2	15	36
5	7	17	2	5	13	2	4	14
287	381	1573	143	270	1208	124	242	1293
0	0	7	0	0	5	0	0	6
0	17	30	0	12	23	0	11	25
19	22	62	9	16	48	8	14	51
0	3	14	0	2	11	0	2	12
647	1565	4525	323	1109	3475	280	992	3719
324	660	1472	162	468	1130	140	418	1210
163	369	919	81	261	706	70	234	755
17	13	22	8	9	17	7	8	18
13	14	79	6	10	61	6	9	65
44	104	498	22	74	382	19	66	409
10	35	32	5	25	25	4	22	26
10	4	37	5	3	28	4	3	30
30	58	137	15	41	105	13	37	113
32	30	88	16	21	68	14	19	72
3	20	87	1	14	67	1	13	72
21	23	66	10	16	51	9	15	54
6	18	63	3	13	48	3	11	52
54	242	507	27	171	389	23	153	417
38	87	178	19	62	137	16	55	146
62	108	254	31	77	195	27	68	209
14	82	189	7	58	145	6	52	155
4	25	84	2	18	65	2	16	69
6	40	99	3	28	76	3	25	81
0	0	0	0	0	0	0	0	0
8	25	91	4	18	70	3	16	75
20	156	280	10	111	215	9	99	230
10	64	142	5	45	109	4	41	117
96	182	630	48	129	484	42	115	518
36	74	152	18	52	117	16	47	125
40	109	403	20	77	310	17	69	331
389	817	2527	194	579	1941	168	518	2077
2319	3885	9883	1157	2752	7590	1003	2463	8123
33	44	60	16	31	46	14	28	49
20	26	78	10	18	60	9	16	64
36	65	80	18	46	61	16	41	66
38	62	163	19	44	125	16	39	134
525	620	2105	262	439	1617	227	393	1730
34	57	136	17	40	104	15	36	112
7	32	79	3	23	61	3	20	65
14	21	59	7	15	45	6	13	48
74	105	276	37	74	212	32	67	227
4	116	94	2	82	72	2	74	77
12	21	69	6	15	53	5	13	57
213	344	1030	106	244	791	92	218	847
402	592	1099	201	419	844	174	375	903
16	25	56	8	18	43	7	16	46
13	29	76	6	21	58	6	18	62
42	91	209	21	64	161	18	58	172
60	121	180	30	86	138	26	77	148
39	54	79	19	38	61	17	34	65
72	143	189	36	101	145	31	91	155
62	154	380	31	109	292	27	98	312
20	38	58	10	27	45	9	24	48
90	87	330	45	62	253	39	55	271
284	840	2342	142	595	1799	123	533	1925
7	28	49	3	20	38	3	18	40
7	17	38	3	12	29	3	11	31
7	13	56	3	9	43	3	8	46
16	19	102	8	13	78	7	12	84
31	175	262	15	124	201	13	111	215
11	36	84	5	26	65	5	23	69
0	5	27	0	4	21	0	3	22
47	39	82	23	28	63	20	25	67
32	48	145	16	34	111	14	30	119
22	22	176	11	16	135	10	14	145
11	74	77	5	52	59	5	47	63
22	15	57	11	11	44	10	10	47
72	135	221	36	96	170	31	86	182
63	131	230	31	93	177	27	83	189
27	64	135	13	45	104	12	41	111
10	2	28	5	1	22	4	1	23
216	216	738	108	153	567	93	137	607
19	26	51	9	18	39	8	16	42
558	524	1727	278	371	1326	241	332	1419
273	485	1259	136	344	967	118	308	1035
97	342	878	48	242	674	42	217	722
289	586	2265	144	415	1740	125	372	1862
63	269	868	31	191	667	27	171	713
16	12	61	8	9	47	7	8	50
75	215	464	37	152	356	32	136	381
34	82	230	17	58	177	15	52	189
18	75	185	9	53	142	8	48	152
8	12	27	4	9	21	3	8	22
701	1220	2834	350	864	2177	303	774	2329
134	365	579	67	259	445	58	231	476
30	48	133	15	34	102	13	30	109
102	319	1208	51	226	928	44	202	993
33	179	239	16	127	184	14	114	196
38	22	163	19	16	125	16	14	134
7	14	67	3	10	51	3	9	55
16	31	108	8	22	83	7	20	89
334	637	1583	167	451	1216	144	404	1301
99	197	516	49	140	396	43	125	424
54	237	341	27	168	262	23	150	280
5	19	46	2	13	35	2	12	38
92	160	529	46	113	406	40	101	435
244	456	1728	122	323	1327	106	289	1420
10	27	77	5	19	59	4	17	63
33	22	128	16	16	98	14	14	105
74	123	487	37	87	374	32	78	400
59	125	613	29	89	471	26	79	504
6	32	60	3	23	46	3	20	49
253	287	1269	126	203	975	109	182	1043
48	127	281	24	90	216	21	81	231
47	109	306	23	77	235	20	69	252
238	815	2080	119	577	1597	103	517	1710
3	8	48	1	6	37	1	5	39
17	126	109	8	89	84	7	80	90
12	10	64	6	7	49	5	6	53
111	198	412	55	140	316	48	126	339
6	3	52	3	2	40	3	2	43
3	9	47	1	6	36	1	6	39
290	878	3324	145	622	2553	125	557	2732
36	61	176	18	43	135	16	39	145
48	47	180	24	33	138	21	30	148
100	118	288	50	84	221	43	75	237
10	43	58	5	30	45	4	27	48
62	108	332	31	77	255	27	68	273
13	11	38	6	8	29	6	7	31
7	0	31	3	0	24	3	0	25
78	335	970	39	237	745	34	212	797
50	131	613	25	93	471	22	83	504
330	1010	2605	165	715	2001	143	640	2141
6	25	83	3	18	64	3	16	68
0	150	688	0	106	528	0	95	565
95	126	404	47	89	310	41	80	332
10	9	20	5	6	15	4	6	16
64	140	357	32	99	274	28	89	293
42	88	206	21	62	158	18	56	169
18	5	36	9	4	28	8	3	30
16	50	153	8	35	118	7	32	126
7	12	47	3	9	36	3	8	39
23	13	36	11	9	28	10	8	30
6	5	29	3	4	22	3	3	24
15	35	194	7	25	149	6	22	159
19	36	93	9	26	71	8	23	76
9	27	42	4	19	32	4	17	35
5	3	29	2	2	22	2	2	24
84	153	205	42	108	157	36	97	168
125	165	793	62	117	609	54	105	652
48	75	157	24	53	121	21	48	129
4	14	36	2	10	28	2	9	30
25	108	185	12	77	142	11	68	152
0	7	43	0	5	33	0	4	35
5	18	32	2	13	25	2	11	26
433	619	1813	216	438	1392	187	393	1490
0	5	22	0	4	17	0	3	18
42	124	254	21	88	195	18	79	209
56	115	483	28	81	371	24	73	397
605	1298	3465	302	920	2661	262	823	2848
10	36	38	5	26	29	4	23	31
6	25	42	3	18	32	3	16	35
2	7	29	1	5	22	1	4	24
20	145	164	10	103	126	9	92	135
19	71	219	9	50	168	8	45	180
36	96	179	18	68	137	16	61	147
3	23	17	1	16	13	1	15	14
38	79	215	19	56	165	16	50	177
125	163	212	62	115	163	54	103	174
149	142	621	74	101	477	64	90	510
8	23	27	4	16	21	3	15	22
69	127	591	34	90	454	30	81	486
658	988	3207	328	700	2463	285	626	2636
208	359	1492	104	254	1146	90	228	1226
102	211	694	51	149	533	44	134	570
0	20	28	0	14	22	0	13	23
2	4	25	1	3	19	1	3	21
38	121	330	19	86	253	16	77	271
21	25	89	10	18	68	9	16	73
78	176	484	39	125	372	34	112	398
41	35	281	20	25	216	18	22	231
40	89	283	20	63	217	17	56	233
21	31	59	10	22	45	9	20	48
36	18	40	18	13	31	16	11	33
130	174	501	65	123	385	56	110	412
36	136	325	18	96	250	16	86	267
36	70	186	18	50	143	16	44	153
11	2	31	5	1	24	5	1	25
23	22	49	11	16	38	10	14	40
6	0	13	3	0	10	3	0	11
6	20	53	3	14	41	3	13	44
15	16	49	7	11	38	6	10	40
38	25	145	19	18	111	16	16	119
3	26	83	1	18	64	1	16	68
10	41	104	5	29	80	4	26	85
7	9	30	3	6	23	3	6	25
0	22	60	0	16	46	0	14	49
0	33	71	0	23	55	0	21	58
6	18	31	3	13	24	3	11	25
2	3	19	1	2	15	1	2	16
9	24	140	4	17	108	4	15	115
40	84	240	20	60	184	17	53	197
7	6	25	3	4	19	3	4	21
0	8	23	0	6	18	0	5	19
3	15	47	1	11	36	1	10	39
9	19	31	4	13	24	4	12	25
84	149	522	42	106	401	36	94	429
81	133	424	40	94	326	35	84	348
13	33	99	6	23	76	6	21	81
11	23	53	5	16	41	5	15	44
17	24	36	8	17	28	7	15	30
48	78	465	24	55	357	21	49	382
6	14	37	3	10	28	3	9	30
2	14	48	1	10	37	1	9	39
6	29	53	3	21	41	3	18	44
47	88	353	23	62	271	20	56	290
1120	1913	5810	559	1355	4462	484	1213	4775
0	9	10	0	6	8	0	6	8
79	99	193	39	70	148	34	63	159
81	292	1058	40	207	813	35	185	870
33	58	99	16	41	76	14	37	81
9	13	89	4	9	68	4	8	73
12	59	80	6	42	61	5	37	66
51	89	145	25	63	111	22	56	119
34	26	111	17	18	85	15	16	91
31	78	134	15	55	103	13	49	110
75	87	166	37	62	127	32	55	136
34	172	300	17	122	230	15	109	247
31	114	317	15	81	243	13	72	261
56	97	193	28	69	148	24	62	159
4	20	45	2	14	35	2	13	37
84	126	298	42	89	229	36	80	245
10	39	39	5	28	30	4	25	32
21	46	117	10	33	90	9	29	96
6	45	71	3	32	55	3	29	58
23	50	165	11	35	127	10	32	136
2	10	27	1	7	21	1	6	22
14	74	136	7	52	104	6	47	112
19	33	61	9	23	47	8	21	50
50	106	773	25	75	594	22	67	635
5	3	22	2	2	17	2	2	18
37	58	122	18	41	94	16	37	100
86	129	557	43	91	428	37	82	458
7	49	69	3	35	53	3	31	57
0	5	29	0	4	22	0	3	24
46	56	154	23	40	118	20	36	127
21	269	750	10	191	576	9	171	616
0	13	32	0	9	25	0	8	26
27	20	83	13	14	64	12	13	68
83	266	602	41	188	462	36	169	495
75	176	271	37	125	208	32	112	223
40	82	190	20	58	146	17	52	156
214	254	426	107	180	327	93	161	350
15	21	88	7	15	68	6	13	72
242	328	683	121	232	525	105	208	561
53	111	420	26	79	323	23	70	345
279	334	1100	139	237	845	121	212	904
6	42	149	3	30	114	3	27	122
27	67	155	13	47	119	12	42	127
6	0	21	3	0	16	3	0	17
16	42	50	8	30	38	7	27	41
68	178	279	34	126	214	29	113	229
382	862	2928	191	611	2249	165	547	2407
36	90	364	18	64	280	16	57	299
22	57	178	11	40	137	10	36	146
24	106	173	12	75	133	10	67	142
48	44	123	24	31	94	21	28	101
54	130	204	27	92	157	23	82	168
140	160	451	70	113	346	61	101	371
5	34	139	2	24	107	2	22	114
105	119	266	52	84	204	45	75	219
14	22	48	7	16	37	6	14	39
6	11	29	3	8	22	3	7	24
90	193	926	45	137	711	39	122	761
10	46	56	5	33	43	4	29	46
11	64	223	5	45	171	5	41	183
0	0	42	0	0	32	0	0	35
129	188	371	64	133	285	56	119	305
14	18	54	7	13	41	6	11	44
0	0	30	0	0	23	0	0	25
5	21	39	2	15	30	2	13	32
39	45	80	19	32	61	17	29	66
62	164	484	31	116	372	27	104	398
29	189	727	14	134	558	13	120	598
201	185	239	100	131	184	87	117	196
38	60	204	19	43	157	16	38	168
4	4	26	2	3	20	2	3	21
9	52	203	4	37	156	4	33	167
525	743	1959	262	526	1505	227	471	1610
7	7	50	3	5	38	3	4	41
25	12	37	12	9	28	11	8	30
50	62	89	25	44	68	22	39	73
99	170	329	49	120	253	43	108	270
223	404	1670	111	286	1283	96	256	1373
63	125	257	31	89	197	27	79	211
78	199	443	39	141	340	34	126	364
12	15	32	6	11	25	5	10	26
14	61	123	7	43	94	6	39	101
0	15	21	0	11	16	0	10	17
4	27	66	2	19	51	2	17	54
9	15	64	4	11	49	4	10	53
16	41	86	8	29	66	7	26	71
76	59	364	38	42	280	33	37	299
8	13	30	4	9	23	3	8	25
25	109	220	12	77	169	11	69	181
4	21	43	2	15	33	2	13	35
118	98	388	59	69	298	51	62	319
12	52	105	6	37	81	5	33	86
5	29	31	2	21	24	2	18	25
25	52	84	12	37	65	11	33	69
80	92	246	40	65	189	35	58	202
27	39	73	13	28	56	12	25	60
7	15	45	3	11	35	3	10	37
10	25	21	5	18	16	4	16	17
3	46	75	1	33	58	1	29	62
170	231	762	85	164	585	74	146	626
1386	2192	5048	691	1553	3877	599	1390	4149
21	30	68	10	21	52	9	19	56
8	27	33	4	19	25	3	17	27
9	10	72	4	7	55	4	6	59
22	34	123	11	24	94	10	22	101
160	390	1888	80	276	1450	69	247	1552
0	48	296	0	34	227	0	30	243
52	112	298	26	79	229	22	71	245
33	49	66	16	35	51	14	31	54
115	113	207	57	80	159	50	72	170
8	45	119	4	32	91	3	29	98
1	5	36	0	4	28	0	3	30
4	15	12	2	11	9	2	10	10
18	18	58	9	13	45	8	11	48
2	2	4	1	1	3	1	1	3
18	28	97	9	20	74	8	18	80
71	102	134	35	72	103	31	65	110
86	61	225	43	43	173	37	39	185
0	6	14	0	4	11	0	4	12
9	21	101	4	15	78	4	13	83
163	280	1262	81	198	969	70	178	1037
102	144	279	51	102	214	44	91	229
10	41	91	5	29	70	4	26	75
23	32	33	11	23	25	10	20	27
27	77	153	13	55	118	12	49	126
0	39	71	0	28	55	0	25	58
226	611	2212	113	433	1699	98	387	1818
15	23	108	7	16	83	6	15	89
1	3	29	0	2	22	0	2	24
15	15	25	7	11	19	6	10	21
12	6	20	6	4	15	5	4	16
59	69	231	29	49	177	26	44	190
74	205	447	37	145	343	32	130	367
3	20	68	1	14	52	1	13	56
38	74	420	19	52	323	16	47	345
20	68	192	10	48	147	9	43	158
34	169	567	17	120	435	15	107	466
6	39	36	3	28	28	3	25	30
10	28	67	5	20	51	4	18	55
5	17	21	2	12	16	2	11	17
1	8	30	0	6	23	0	5	25
215	255	834	107	181	641	93	162	685
5	5	35	2	4	27	2	3	29
29	71	247	14	50	190	13	45	203
6	141	138	3	100	106	3	89	113
16	7	26	8	5	20	7	4	21
11	129	150	5	91	115	5	82	123
986	1887	5260	492	1337	4040	426	1197	4323
5	34	71	2	24	55	2	22	58
46	90	292	23	64	224	20	57	240
25	53	75	12	38	58	11	34	62
10	54	100	5	38	77	4	34	82
15	55	109	7	39	84	6	35	90
0	0	0	0	0	0	0	0	0
3	9	53	1	6	41	1	6	44
291	665	2401	145	471	1844	126	422	1973
60	84	153	30	60	118	26	53	126
893	1800	5792	446	1275	4448	386	1141	4761
155	265	888	77	188	682	67	168	730
258	409	1740	129	290	1336	112	259	1430
3	5	29	1	4	22	1	3	24
95	218	766	47	154	588	41	138	630
2	3	19	1	2	15	1	2	16
0	6	5	0	4	4	0	4	4
0	5	31	0	4	24	0	3	25
28	235	348	14	166	267	12	149	286
26	5	125	13	4	96	11	3	103
13	25	54	6	18	41	6	16	44
54	127	344	27	90	264	23	81	283
518	1066	3614	258	755	2776	224	676	2970
1112	1597	5466	555	1131	4198	481	1013	4493
39	78	135	19	55	104	17	49	111
15	34	179	7	24	137	6	22	147
64	115	290	32	81	223	28	73	238
74	156	356	37	111	273	32	99	293
20495	27065	78261	10225	19173	60104	8862	17162	64324
73	197	402	36	140	309	32	125	330
11	59	87	5	42	67	5	37	72
102	218	705	51	154	541	44	138	579
223	305	757	111	216	581	96	193	622
16	39	141	8	28	108	7	25	116
6	56	132	3	40	101	3	36	108
340	810	2416	170	574	1855	147	514	1986
10	30	115	5	21	88	4	19	95
5	25	64	2	18	49	2	16	53
2	37	47	1	26	36	1	23	39
40	51	75	20	36	58	17	32	62
29	65	359	14	46	276	13	41	295
96	160	471	48	113	362	42	101	387
60	378	1389	30	268	1067	26	240	1142
42	60	170	21	43	131	18	38	140
15	54	158	7	38	121	6	34	130
18	33	73	9	23	56	8	21	60
68	296	662	34	210	508	29	188	544
1019	1481	4804	508	1049	3689	441	939	3948
19	7	67	9	5	51	8	4	55
268	655	2405	134	464	1847	116	415	1977
721	838	2578	360	594	1980	312	531	2119
4	15	33	2	11	25	2	10	27
35	30	168	17	21	129	15	19	138
27	70	216	13	50	166	12	44	178
269	509	1956	134	361	1502	116	323	1608
8	13	46	4	9	35	3	8	38
58	155	317	29	110	243	25	98	261
5	29	62	2	21	48	2	18	51
11	14	70	5	10	54	5	9	58
28	109	110	14	77	84	12	69	90
22	135	236	11	96	181	10	86	194
9	55	104	4	39	80	4	35	85
11	23	149	5	16	114	5	15	122
0	13	26	0	9	20	0	8	21
52	221	464	26	157	356	22	140	381
62	200	306	31	142	235	27	127	252
6	8	39	3	6	30	3	5	32
15	17	57	7	12	44	6	11	47
19	23	138	9	16	106	8	15	113
188	377	1112	94	267	854	81	239	914
426	849	2188	213	601	1680	184	538	1798
44	52	71	22	37	55	19	33	58
111	119	334	55	84	257	48	75	275
17	15	84	8	11	65	7	10	69
31	48	493	15	34	379	13	30	405
6	12	36	3	9	28	3	8	30
0	11	24	0	8	18	0	7	20
51	44	119	25	31	91	22	28	98
0	0	0	0	0	0	0	0	0
28	87	455	14	62	349	12	55	374
8	37	80	4	26	61	3	23	66
13	8	46	6	6	35	6	5	38
72	238	454	36	169	349	31	151	373
9	45	173	4	32	133	4	29	142
2	3	13	1	2	10	1	2	11
4	22	21	2	16	16	2	14	17
3	11	37	1	8	28	1	7	30
298	407	881	149	288	677	129	258	724
5	14	51	2	10	39	2	9	42
4	17	55	2	12	42	2	11	45
3	10	25	1	7	19	1	6	21
12	35	103	6	25	79	5	22	85
0	0	5	0	0	4	0	0	4
49	99	206	24	70	158	21	63	169
30	77	184	15	55	141	13	49	151
141	230	1014	70	163	779	61	146	833
19	96	165	9	68	127	8	61	136
20	46	85	10	33	65	9	29	70
47	221	427	23	157	328	20	140	351
64	88	359	32	62	276	28	56	295
89	328	1085	44	232	833	38	208	892
15	43	44	7	30	34	6	27	36
51	131	600	25	93	461	22	83	493
39	75	211	19	53	162	17	48	173
16	48	99	8	34	76	7	30	81
2	8	24	1	6	18	1	5	20
127	377	1024	63	267	786	55	239	842
118	405	1105	59	287	849	51	257	908
3	2	15	1	1	12	1	1	12
