163	1,44	1.156	10,20	8.936	2,45	2.915	29,85	Grupo 3	Grupo 3	0,55	0,51	2,00	0,00	0,00
28	2,33	131	10,92	816	1,28	336	29,67	Grupo 1	Grupo 3	0,38	0,38	0,00	0,00	0,00
371	3,75	1.824	18,46	6.289	4,21	2.740	29,54	Grupo 4	Grupo 5	0,55	0,47	26,90	0,00	0,80
45	1,80	370	14,76	956	1,20	545	30,76	Grupo 4	Grupo 3	0,54	0,52	0,00	0,00	0,00
91	1,63	622	11,12	4.663	3,74	1.155	30,30	Grupo 3	Grupo 3	0,53	0,43	5,30	0,00	0,00
38	2,03	244	13,04	1.287	1,82	443	31,50	Grupo 1	Grupo 3	0,51	0,48	0,00	0,00	0,00
10	1,01	43	4,34	1.366	1,57	107	33,68	Grupo 1	Grupo 1	0,57	0,54	0,00	0,00	0,00
397	3,90	1.516	14,91	8.660	2,10	2.050	29,12	Grupo 2	Grupo 2	0,53	0,41	14,60	0,00	1,10
70	4,59	270	17,70	822	0,75	390	30,38	Grupo 5	Grupo 5	0,49	0,44	36,30	0,00	0,00
30	2,23	209	15,50	829	1,30	333	31,59	Grupo 3	Grupo 3	0,53	0,36	0,00	0,00	0,00
43	3,63	187	15,81	688	3,90	239	29,54	Grupo 2	Grupo 2	0,49	0,42	32,90	0,00	0,00
85	1,74	713	14,63	3.856	0,69	937	29,88	Grupo 3	Grupo 3	0,64	0,45	3,70	0,00	1,50
26	1,89	219	15,93	716	4,80	297	31,54	Grupo 4	Grupo 3	0,47	0,35	0,00	0,00	0,00
156	3,13	562	11,27	7.123	1,24	1.260	29,73	Grupo 2	Grupo 2	0,42	0,42	0,00	0,00	0,00
35	2,45	237	16,60	901	0,61	268	30,21	Grupo 4	Grupo 3	0,53	0,41	0,00	0,00	0,00
280	3,77	1.351	18,21	3.305	1,65	1.982	30,01	Grupo 4	Grupo 4	0,53	0,46	17,50	0,00	0,00
43	4,25	200	19,76	359	0,69	379	23,90	Grupo 5	Grupo 5	0,40	0,38	6,90	0,00	0,00
32	3,52	204	22,42	374	0,58	237	32,21	Grupo 3	Grupo 3	0,48	0,53	0,00	0,00	0,00
527	0,78	3.607	5,33	82.334	2,02	14.276	26,79	Grupo 1	Grupo 1	0,49	0,47	1,70	0,00	0,00
260	2,53	1.343	13,06	8.837	1,37	2.670	27,70	Grupo 4	Grupo 3	0,46	0,39	20,90	0,00	0,00
38	1,92	306	15,49	502	1,75	616	30,42	Grupo 3	Grupo 3	0,48	0,43	0,00	0,00	0,00
251	1,22	1.638	7,97	25.587	4,30	4.075	28,16	Grupo 1	Grupo 1	0,53	0,50	3,70	0,00	0,00
36	2,62	195	14,19	1.020	0,34	370	30,97	Grupo 2	Grupo 2	0,51	0,53	20,60	0,00	0,00
402	2,22	2.193	12,13	14.444	1,83	6.158	29,41	Grupo 3	Grupo 3	0,58	0,51	8,30	0,00	3,20
208	2,95	1.388	19,70	4.917	1,73	2.019	30,00	Grupo 3	Grupo 3	0,55	0,45	13,50	0,00	0,00
74	4,18	334	18,85	962	2,75	484	31,32	Grupo 4	Grupo 4	0,55	0,42	25,60	0,00	8,10
57	4,94	209	18,11	520	1,65	326	29,99	Grupo 3	Grupo 3	0,46	0,42	0,00	0,00	0,00
326	3,15	1.554	15,02	10.456	1,55	2.614	28,81	Grupo 4	Grupo 4	0,53	0,46	10,20	0,00	0,50
65	4,19	283	18,22	623	2,21	558	31,18	Grupo 3	Grupo 4	0,55	0,47	16,40	0,00	0,00
910	12,03	1.913	25,28	5.202	2,73	2.732	31,72	Grupo 5	Grupo 5	0,60	0,55	20,90	0,00	24,20
154	3,12	763	15,45	8.196	1,79	1.092	30,87	Grupo 2	Grupo 2	0,53	0,46	15,00	0,00	0,00
1.100	1,81	6.031	9,95	54.834	2,36	13.557	28,00	Grupo 3	Grupo 1	0,62	0,52	6,20	0,00	0,40
192	2,24	1.264	14,75	5.041	0,62	2.384	29,80	Grupo 3	Grupo 3	0,53	0,52	8,10	0,00	1,80
37	2,24	215	13,04	673	1,41	420	29,07	Grupo 3	Grupo 3	0,48	0,43	0,00	0,00	0,00
52	2,74	341	17,96	1.358	1,57	505	29,65	Grupo 5	Grupo 4	0,44	0,39	0,00	0,00	7,60
49	6,16	190	23,87	391	1,25	147	31,61	Grupo 4	Grupo 4	0,45	0,39	0,00	0,00	20,40
1.084	1,58	6.054	8,81	75.373	1,29	15.761	27,53	Grupo 1	Grupo 1	0,52	0,50	5,90	0,00	0,80
595	1,64	3.507	9,65	38.735	2,46	8.125	27,34	Grupo 1	Grupo 1	0,49	0,47	6,70	0,00	0,00
34	5,29	136	21,15	286	0,73	178	31,00	Grupo 4	Grupo 4	0,40	0,40	0,00	0,00	13,50
72	2,71	393	14,77	1.556	0,39	852	31,84	Grupo 4	Grupo 4	0,49	0,45	9,70	0,00	0,00
103	9,52	323	29,85	504	3,17	229	32,03	Grupo 5	Grupo 5	0,62	0,44	0,00	0,00	19,60
77	2,54	478	15,79	1.400	2,67	626	29,66	Grupo 5	Grupo 4	0,45	0,36	12,00	0,00	0,00
35	1,30	236	8,77	4.478	0,38	970	28,85	Grupo 1	Grupo 1	0,39	0,40	0,00	0,00	0,00
250	1,85	1.613	11,97	11.039	1,71	2.511	27,88	Grupo 3	Grupo 3	0,49	0,46	11,50	0,00	0,00
898	4,19	3.364	15,69	21.729	1,80	5.690	28,74	Grupo 2	Grupo 2	0,57	0,56	26,30	0,00	1,70
19	3,14	112	18,51	240	3,07	166	29,87	Grupo 3	Grupo 3	0,54	0,44	0,00	0,00	0,00
601	1,93	3.436	11,04	23.781	1,07	6.942	28,63	Grupo 3	Grupo 3	0,55	0,50	5,90	0,00	0,00
778	2,03	4.042	10,54	39.206	2,69	8.246	29,80	Grupo 1	Grupo 1	0,57	0,53	7,40	1,00	0,20
50	1,06	528	11,18	3.340	1,22	1.178	28,70	Grupo 3	Grupo 3	0,61	0,47	0,00	0,00	0,00
102	6,53	335	21,45	1.636	0,62	299	29,85	Grupo 4	Grupo 5	0,48	0,47	17,40	0,00	10,90
130	4,24	540	17,60	1.941	2,79	890	27,48	Grupo 4	Grupo 5	0,53	0,42	38,40	0,00	0,00
612	2,33	3.302	12,58	21.392	2,12	6.282	29,44	Grupo 4	Grupo 3	0,56	0,47	16,50	0,00	0,00
57	1,21	379	8,05	3.509	1,47	867	27,11	Grupo 3	Grupo 3	0,45	0,36	0,00	0,00	0,00
16	3,40	71	15,07	386	1,09	161	11,77	Grupo 4	Grupo 4	0,45	0,38	45,40	0,00	0,00
35	1,27	259	9,41	1.562	1,01	472	28,85	Grupo 3	Grupo 3	0,62	0,44	0,00	0,00	2,00
200	6,09	780	23,76	1.890	2,88	939	31,84	Grupo 4	Grupo 4	0,59	0,51	13,40	0,00	18,00
107	10,44	229	22,34	512	0,00	499	32,92	Grupo 4	Grupo 4	0,51	0,47	0,00	0,00	42,80
77	3,75	363	17,70	929	1,63	525	30,99	Grupo 5	Grupo 4	0,49	0,40	13,10	0,00	12,20
135	1,35	1.002	10,03	9.105	3,67	2.678	30,34	Grupo 4	Grupo 4	0,50	0,42	11,30	0,00	0,00
151	1,35	1.060	9,49	13.339	0,20	3.065	27,22	Grupo 2	Grupo 4	0,50	0,45	3,30	0,00	0,00
283	18,01	482	30,68	641	3,13	448	33,03	Grupo 3	Grupo 4	0,59	0,54	6,50	0,00	63,20
328	13,64	631	26,25	692	4,43	614	36,25	Grupo 5	Grupo 5	0,60	0,50	0,00	0,00	58,20
662	1,83	3.613	10,00	32.975	2,21	10.705	28,64	Grupo 3	Grupo 2	0,57	0,48	8,60	0,00	0,00
305	3,62	1.267	15,06	3.972	2,50	2.477	29,08	Grupo 4	Grupo 4	0,46	0,40	35,60	0,00	0,00
2.407	3,35	10.641	14,82	258.584	2,24	16.038	28,75	Grupo 1	Grupo 2	0,67	0,61	26,60	0,80	0,00
164	2,58	975	15,35	6.645	1,48	1.664	30,02	Grupo 4	Grupo 3	0,50	0,41	2,90	0,00	0,90
359	2,02	1.922	10,83	17.043	2,33	3.494	28,92	Grupo 3	Grupo 4	0,52	0,50	13,30	0,00	0,00
2.352	2,14	10.592	9,64	129.238	3,06	26.428	28,51	Grupo 1	Grupo 1	0,58	0,55	9,50	1,50	0,00
547	2,31	3.087	13,02	24.496	1,50	4.029	29,06	Grupo 3	Grupo 3	0,56	0,51	9,30	0,00	0,60
16	1,86	106	12,30	816	1,99	371	29,30	Grupo 2	Grupo 3	0,38	0,38	11,00	0,00	0,00
94	2,69	538	15,40	2.295	1,65	775	32,27	Grupo 4	Grupo 3	0,53	0,45	0,00	0,00	0,00
560	3,85	2.211	15,21	12.769	1,92	2.987	30,57	Grupo 2	Grupo 2	0,51	0,48	24,30	16,50	0,00
29	1,21	217	9,07	1.563	0,98	605	27,80	Grupo 3	Grupo 3	0,49	0,43	0,00	0,00	0,00
398	1,12	3.045	8,55	37.893	1,96	9.295	27,09	Grupo 3	Grupo 3	0,52	0,42	3,30	0,00	0,00
500	5,95	1.870	22,26	4.080	2,28	2.598	31,27	Grupo 4	Grupo 5	0,51	0,53	17,70	0,00	4,20
146	3,52	730	17,59	5.298	3,98	1.099	29,52	Grupo 2	Grupo 2	0,58	0,44	28,60	0,00	0,00
47	1,42	298	9,00	4.346	0,73	647	28,88	Grupo 3	Grupo 3	0,45	0,42	0,00	0,00	0,00
145	4,58	574	18,14	1.653	4,93	998	32,39	Grupo 4	Grupo 4	0,61	0,46	13,20	0,00	7,60
350	2,37	1.758	11,93	21.127	1,34	2.926	28,10	Grupo 2	Grupo 1	0,51	0,49	19,40	0,00	0,50
157	2,57	799	13,06	4.531	2,28	680	29,05	Grupo 3	Grupo 3	0,49	0,41	19,40	0,00	0,00
155	15,64	312	31,48	544	1,70	287	32,89	Grupo 5	Grupo 4	0,59	0,44	42,70	0,00	33,40
6	2,51	31	12,97	1.760	5,35	82	25,50	Grupo 3	Grupo 3	0,54	0,40	0,00	0,00	0,00
21	1,67	147	11,70	1.342	0,58	457	30,64	Grupo 2	Grupo 2	0,48	0,38	10,20	0,00	6,30
103	2,16	706	14,79	2.961	1,65	1.442	29,20	Grupo 4	Grupo 3	0,50	0,42	15,30	0,00	1,30
18	2,57	110	15,69	763	0,61	138	30,25	Grupo 5	Grupo 3	0,40	0,39	12,10	0,00	0,00
870	2,12	4.271	10,39	41.382	2,16	8.861	29,30	Grupo 2	Grupo 2	0,54	0,54	12,80	0,00	0,30
838	1,87	4.896	10,94	42.578	3,01	8.987	28,31	Grupo 2	Grupo 4	0,53	0,52	9,40	0,00	0,30
33	2,08	178	11,21	629	1,47	388	30,40	Grupo 4	Grupo 3	0,47	0,43	40,90	0,00	0,00
20	2,47	126	15,54	2.733	4,03	258	28,84	Grupo 1	Grupo 3	0,44	0,39	79,70	0,00	0,00
162	2,54	732	11,46	4.525	2,48	1.191	28,74	Grupo 4	Grupo 3	0,42	0,44	18,00	0,00	1,40
137	2,03	844	12,53	7.461	0,88	1.825	29,98	Grupo 4	Grupo 5	0,54	0,41	17,00	0,00	0,00
551	10,00	1.592	28,88	3.891	1,51	1.425	33,94	Grupo 5	Grupo 5	0,51	0,50	45,40	0,00	12,70
119	2,29	657	12,66	2.807	3,32	1.100	28,99	Grupo 4	Grupo 4	0,56	0,44	3,50	0,00	0,00
45	3,28	182	13,26	1.744	0,68	373	30,05	Grupo 1	Grupo 1	0,45	0,46	13,00	0,00	0,00
64	4,64	282	20,43	835	2,57	328	30,43	Grupo 4	Grupo 5	0,43	0,40	23,40	0,00	8,10
288	2,42	1.545	12,97	14.695	2,72	2.763	29,22	Grupo 2	Grupo 2	0,46	0,42	16,60	0,00	0,80
801	3,23	3.232	13,01	22.263	1,99	6.580	28,96	Grupo 2	Grupo 2	0,52	0,50	9,80	0,80	1,30
368	4,06	1.603	17,68	5.571	1,99	2.158	29,54	Grupo 5	Grupo 4	0,54	0,52	5,30	0,00	13,60
343	6,03	1.398	24,57	2.134	2,26	2.034	31,99	Grupo 5	Grupo 3	0,59	0,50	0,00	0,00	16,30
127	2,37	887	16,58	3.696	3,25	1.315	30,23	Grupo 4	Grupo 5	0,56	0,46	9,80	0,00	1,10
51	3,67	184	13,24	358	1,08	436	30,59	Grupo 4	Grupo 4	0,41	0,37	19,10	0,00	0,00
781	3,07	3.203	12,60	23.586	0,72	4.774	27,36	Grupo 1	Grupo 1	0,49	0,47	11,10	2,50	0,90
111	6,84	375	23,12	541	5,17	463	28,92	Grupo 4	Grupo 4	0,48	0,45	0,00	0,00	55,80
656	3,40	2.842	14,75	41.352	3,50	3.650	28,23	Grupo 2	Grupo 2	0,54	0,43	20,00	4,50	0,00
828	9,77	2.101	24,79	5.659	1,63	3.317	33,15	Grupo 4	Grupo 4	0,53	0,47	19,60	0,00	26,70
59	1,90	372	11,98	1.373	0,34	775	28,67	Grupo 4	Grupo 4	0,50	0,40	13,90	0,00	0,00
286	3,97	1.157	16,05	4.842	2,89	1.487	30,62	Grupo 3	Grupo 3	0,52	0,40	27,90	0,00	1,10
111	6,14	421	23,29	843	2,46	466	31,65	Grupo 5	Grupo 5	0,49	0,53	24,10	0,00	0,00
5.855	1,68	28.701	8,24	436.561	4,05	75.460	27,48	Grupo 2	Grupo 2	0,57	0,56	5,40	7,80	0,00
584	2,66	2.604	11,86	13.560	3,33	4.589	28,09	Grupo 1	Grupo 1	0,50	0,43	19,40	0,00	0,00
500	3,50	2.380	16,64	12.474	2,85	2.846	28,87	Grupo 2	Grupo 2	0,54	0,59	24,00	0,00	0,00
76	5,10	325	21,81	637	2,10	347	32,66	Grupo 4	Grupo 3	0,56	0,43	18,70	0,00	9,70
337	9,15	826	22,43	1.410	2,68	1.067	33,25	Grupo 4	Grupo 3	0,58	0,49	26,50	0,00	11,20
93	7,72	355	29,46	773	1,63	460	31,20	Grupo 5	Grupo 5	0,39	0,43	50,50	0,00	0,00
347	3,61	1.561	16,22	5.103	1,82	3.231	29,71	Grupo 3	Grupo 4	0,52	0,41	12,80	0,00	0,60
10	1,15	67	7,72	664	1,16	156	31,26	Grupo 4	Grupo 4	0,44	0,48	0,00	0,00	0,00
54	4,43	259	21,26	899	3,83	349	32,65	Grupo 5	Grupo 5	0,39	0,40	31,60	0,00	0,00
1.186	8,72	3.283	24,14	7.661	1,27	4.003	31,80	Grupo 4	Grupo 4	0,59	0,50	15,00	0,00	12,70
260	4,96	1.089	20,78	3.648	3,47	1.177	29,84	Grupo 4	Grupo 3	0,49	0,40	32,30	0,00	0,00
297	2,12	1.585	11,33	15.305	2,71	3.926	29,00	Grupo 4	Grupo 2	0,49	0,46	12,80	2,10	0,00
1.266	3,96	4.841	15,16	22.322	2,33	8.523	29,90	Grupo 2	Grupo 2	0,54	0,50	21,60	0,00	0,90
3.538	3,26	15.997	14,73	45.284	3,85	28.736	29,12	Grupo 4	Grupo 4	0,45	0,46	19,70	5,80	0,00
149	3,60	723	17,49	1.385	3,18	1.257	31,05	Grupo 3	Grupo 3	0,55	0,42	5,00	0,00	0,00
224	2,68	1.263	15,09	6.581	3,06	3.168	28,91	Grupo 5	Grupo 5	0,54	0,49	6,80	0,00	0,00
33	3,94	174	20,79	486	0,52	279	30,63	Grupo 3	Grupo 3	0,55	0,43	0,00	0,00	13,10
356	6,41	1.093	19,69	3.345	0,92	2.033	29,66	Grupo 2	Grupo 2	0,53	0,46	6,70	0,00	23,10
442	1,19	3.002	8,05	40.126	1,88	8.198	28,35	Grupo 3	Grupo 3	0,53	0,46	8,90	0,00	0,00
27	1,21	189	8,44	1.012	1,58	517	28,00	Grupo 4	Grupo 4	0,42	0,43	0,00	0,00	0,00
46	1,76	233	8,91	2.319	1,27	352	30,08	Grupo 4	Grupo 4	0,47	0,42	0,00	0,00	0,00
148	2,68	824	14,90	5.008	1,83	1.826	30,99	Grupo 4	Grupo 4	0,50	0,43	25,90	0,00	0,00
84	0,69	842	6,91	12.281	0,43	2.677	27,28	Grupo 3	Grupo 3	0,51	0,42	0,00	0,00	0,00
124	2,77	682	15,26	3.393	3,73	1.137	28,75	Grupo 4	Grupo 3	0,47	0,43	27,50	0,00	0,00
118	2,67	525	11,90	2.901	2,07	921	29,07	Grupo 5	Grupo 3	0,48	0,40	21,20	0,00	0,00
127	3,42	615	16,58	2.092	1,35	927	31,46	Grupo 4	Grupo 5	0,51	0,47	5,30	0,00	2,10
37	1,71	254	11,76	3.585	1,95	699	29,61	Grupo 3	Grupo 3	0,42	0,37	10,60	0,00	0,00
147	2,77	767	14,44	5.290	1,66	1.021	28,99	Grupo 1	Grupo 2	0,55	0,46	11,90	0,00	0,00
74	4,09	289	15,98	3.459	0,83	529	28,99	Grupo 2	Grupo 2	0,57	0,40	0,00	0,00	0,00
228	3,19	1.167	16,32	5.928	3,32	1.605	29,69	Grupo 3	Grupo 3	0,53	0,43	29,60	0,00	3,20
163	3,13	729	14,00	3.327	2,44	1.160	32,26	Grupo 5	Grupo 4	0,56	0,49	21,40	0,00	6,00
100	1,56	604	9,42	9.561	3,31	1.678	28,57	Grupo 1	Grupo 1	0,48	0,44	6,50	0,00	0,00
43	2,53	240	14,14	905	1,64	487	27,85	Grupo 3	Grupo 4	0,52	0,39	0,00	0,00	0,00
151	9,28	427	26,24	665	0,92	653	31,18	Grupo 4	Grupo 5	0,55	0,45	0,00	0,00	22,70
40	3,30	161	13,27	1.053	3,04	263	30,05	Grupo 4	Grupo 4	0,51	0,48	0,00	0,00	0,00
404	2,27	1.738	9,78	10.772	1,96	4.329	28,00	Grupo 3	Grupo 3	0,47	0,42	4,90	1,30	0,00
78	3,04	343	13,37	2.263	2,12	476	30,86	Grupo 3	Grupo 3	0,50	0,40	0,00	0,00	6,00
1.950	3,30	7.528	12,75	76.692	2,49	13.346	28,53	Grupo 2	Grupo 2	0,60	0,57	22,90	0,70	0,00
187	2,03	1.070	11,61	8.806	1,88	2.254	28,51	Grupo 4	Grupo 2	0,50	0,42	15,70	0,00	0,00
67	2,86	376	16,06	1.539	1,82	316	28,84	Grupo 3	Grupo 3	0,52	0,48	0,00	0,00	6,70
28	3,59	121	15,53	388	2,07	237	28,22	Grupo 4	Grupo 4	0,63	0,43	0,00	0,00	16,50
1.010	4,37	3.697	15,99	18.569	2,36	5.935	29,56	Grupo 5	Grupo 2	0,55	0,53	13,40	0,00	1,40
1.452	3,98	5.502	15,09	40.928	1,95	9.348	28,24	Grupo 2	Grupo 2	0,47	0,45	1,80	31,00	0,00
836	11,88	2.024	28,75	1.921	1,95	2.113	30,54	Grupo 5	Grupo 4	0,54	0,54	5,60	0,00	39,80
195	2,04	1.145	11,98	9.520	1,40	2.069	28,36	Grupo 1	Grupo 2	0,54	0,45	7,90	0,00	3,40
3.955	3,37	17.003	14,49	111.520	3,16	25.972	27,71	Grupo 2	Grupo 2	0,46	0,43	10,40	10,60	0,00
16	2,72	78	13,24	363	0,00	163	31,75	Grupo 5	Grupo 4	0,45	0,37	0,00	0,00	0,00
105	2,93	587	16,38	2.017	1,39	948	28,58	Grupo 4	Grupo 3	0,50	0,48	4,00	0,00	8,00
71	2,93	342	14,10	629	0,50	619	29,75	Grupo 3	Grupo 3	0,44	0,38	44,20	0,00	0,00
176	2,31	1.037	13,61	6.091	3,31	2.158	31,58	Grupo 4	Grupo 4	0,51	0,46	14,70	0,00	0,00
12	1,65	92	12,62	319	0,00	237	30,89	Grupo 3	Grupo 3	0,48	0,36	0,00	0,00	0,00
52	1,83	298	10,50	2.021	0,00	888	29,62	Grupo 3	Grupo 3	0,46	0,37	0,00	0,00	0,00
217	1,52	1.370	9,61	10.992	1,81	4.065	28,84	Grupo 4	Grupo 3	0,59	0,44	5,50	0,00	0,50
87	2,16	610	15,14	2.209	1,70	1.047	30,63	Grupo 3	Grupo 3	0,50	0,43	0,00	0,00	0,00
63	2,64	280	11,75	1.833	2,38	293	26,96	Grupo 3	Grupo 4	0,48	0,39	25,70	0,00	0,00
70	3,47	381	18,88	766	1,21	631	31,96	Grupo 5	Grupo 3	0,52	0,53	0,00	0,00	3,30
575	13,50	1.180	27,71	2.115	2,70	1.394	35,36	Grupo 4	Grupo 4	0,60	0,49	8,20	0,00	49,00
131	2,96	691	15,62	4.781	2,71	1.334	28,51	Grupo 1	Grupo 1	0,50	0,42	9,30	0,00	2,60
8	0,80	72	7,24	538	1,51	245	27,48	Grupo 3	Grupo 3	0,37	0,33	0,00	0,00	0,00
14	1,75	76	9,49	381	0,00	104	29,57	Grupo 3	Grupo 5	0,48	0,36	0,00	0,00	0,00
3.106	4,55	12.414	18,20	44.988	3,22	15.757	28,97	Grupo 2	Grupo 2	0,45	0,45	23,50	11,10	0,00
1.035	5,71	3.449	19,04	8.350	2,93	4.206	29,86	Grupo 4	Grupo 4	0,53	0,50	21,50	0,00	0,90
26	2,56	171	16,83	339	2,71	265	30,36	Grupo 3	Grupo 4	0,76	0,38	0,00	0,00	6,10
165	3,55	737	15,86	3.808	1,51	1.048	28,63	Grupo 2	Grupo 2	0,51	0,45	46,30	0,00	0,00
232	1,78	1.428	10,99	12.654	2,09	3.445	28,63	Grupo 4	Grupo 3	0,48	0,57	4,00	0,00	1,60
33	2,52	229	17,48	536	2,67	392	30,21	Grupo 4	Grupo 3	0,46	0,38	8,10	0,00	0,00
50	1,72	392	13,47	1.841	1,45	678	27,14	Grupo 5	Grupo 4	0,40	0,41	10,00	0,00	0,00
27	3,38	150	18,77	402	0,98	174	29,79	Grupo 4	Grupo 4	0,53	0,43	0,00	0,00	11,40
36	1,32	326	11,93	3.184	1,11	671	29,46	Grupo 3	Grupo 3	0,48	0,39	11,70	0,00	0,00
273	9,21	735	24,81	749	1,48	973	31,43	Grupo 5	Grupo 5	0,50	0,45	23,60	0,00	36,70
156	3,18	818	16,69	3.803	2,62	1.308	30,81	Grupo 3	Grupo 3	0,54	0,43	5,90	0,00	4,80
17	0,92	151	8,15	1.068	0,61	313	31,21	Grupo 3	Grupo 3	0,48	0,41	0,00	0,00	0,00
319	1,46	2.124	9,73	17.113	3,43	5.717	28,86	Grupo 3	Grupo 3	0,54	0,49	5,40	0,00	0,00
16	3,11	127	24,71	332	1,07	108	31,52	Grupo 3	Grupo 3	0,58	0,40	0,00	0,00	0,00
2.362	4,88	9.357	19,34	21.876	2,41	12.513	28,44	Grupo 5	Grupo 5	0,46	0,43	31,70	4,50	1,40
26	4,18	118	18,97	284	0,69	228	31,48	Grupo 3	Grupo 3	0,46	0,40	0,00	0,00	0,00
16	1,48	123	11,35	488	3,87	290	30,18	Grupo 3	Grupo 4	0,50	0,37	0,00	0,00	0,00
105	2,73	539	14,03	2.842	1,13	908	28,61	Grupo 4	Grupo 5	0,51	0,41	24,80	0,00	0,00
63	6,69	173	18,37	498	3,41	381	31,38	Grupo 5	Grupo 4	0,44	0,46	0,00	0,00	0,00
1.856	1,90	9.944	10,17	92.035	1,84	22.508	28,96	Grupo 3	Grupo 3	0,51	0,46	6,40	0,00	0,00
2.737	6,23	9.450	21,51	9.289	4,21	9.716	29,87	Grupo 5	Grupo 5	0,45	0,40	58,30	3,70	0,20
1.617	4,46	6.092	16,80	14.126	4,30	10.916	27,57	Grupo 5	Grupo 5	0,46	0,44	29,60	7,30	0,90
10	1,08	75	8,09	849	0,50	221	29,49	Grupo 3	Grupo 4	0,41	0,37	0,00	0,00	0,00
67	2,84	474	20,06	1.415	3,06	685	30,37	Grupo 4	Grupo 5	0,54	0,42	0,00	0,00	7,20
401	2,97	1.974	14,64	11.774	1,88	3.512	29,98	Grupo 3	Grupo 4	0,53	0,50	5,40	0,00	2,30
25	1,96	170	13,32	465	3,45	317	29,22	Grupo 4	Grupo 3	0,55	0,42	0,00	0,00	0,00
36	2,70	157	11,78	3.236	1,27	241	28,94	Grupo 2	Grupo 2	0,46	0,35	0,00	0,00	0,00
79	2,19	441	12,23	1.750	1,45	960	28,73	Grupo 3	Grupo 3	0,55	0,45	0,00	0,00	5,30
140	4,61	508	16,73	1.150	0,57	806	28,18	Grupo 4	Grupo 4	0,55	0,45	2,20	0,00	5,20
28	1,97	193	13,58	1.020	1,55	354	30,78	Grupo 3	Grupo 3	0,52	0,52	0,00	0,00	0,00
81	2,50	448	13,81	1.628	1,56	711	29,50	Grupo 4	Grupo 4	0,47	0,38	10,00	0,00	0,00
68	4,02	360	21,29	539	1,05	379	32,07	Grupo 4	Grupo 5	0,54	0,40	25,70	0,00	6,10
308	2,57	1.486	12,40	12.745	2,16	2.054	28,29	Grupo 1	Grupo 2	0,52	0,53	15,70	0,00	0,50
108	1,88	672	11,73	3.172	1,98	1.487	27,18	Grupo 4	Grupo 3	0,52	0,41	7,00	0,00	0,00
910	16,79	1.650	30,44	2.020	3,30	1.848	32,96	Grupo 5	Grupo 5	0,69	0,55	0,00	0,00	60,30
324	5,36	1.061	17,54	4.028	1,98	2.065	31,39	Grupo 5	Grupo 4	0,53	0,49	45,20	0,00	0,00
71	2,49	481	16,89	1.296	2,00	724	30,95	Grupo 4	Grupo 4	0,51	0,42	0,00	0,00	7,80
115	3,63	527	16,64	2.168	3,03	668	30,38	Grupo 4	Grupo 4	0,48	0,42	36,00	0,00	0,00
28	3,97	121	17,16	285	4,35	242	31,76	Grupo 3	Grupo 3	0,51	0,40	0,00	0,00	0,00
99	5,09	377	19,38	1.355	1,10	725	30,93	Grupo 4	Grupo 5	0,57	0,48	36,20	0,00	4,60
185	1,85	1.367	13,66	6.597	0,41	2.341	29,71	Grupo 3	Grupo 4	0,51	0,43	13,50	0,00	0,00
287	3,70	1.329	17,13	7.189	2,65	2.244	29,63	Grupo 1	Grupo 1	0,59	0,47	22,30	0,00	0,90
1.193	3,49	4.910	14,36	31.364	2,18	7.774	28,66	Grupo 2	Grupo 2	0,57	0,54	7,60	0,00	2,80
121	3,28	699	18,95	2.207	3,68	756	23,85	Grupo 4	Grupo 4	0,50	0,44	7,60	0,00	3,70
342	3,22	1.642	15,46	7.649	2,72	2.529	28,68	Grupo 4	Grupo 3	0,50	0,43	26,50	0,00	0,00
3.944	4,64	13.887	16,34	52.348	4,15	20.744	29,18	Grupo 2	Grupo 2	0,51	0,50	6,50	22,50	0,00
16.625	4,61	55.163	15,30	354.409	2,92	83.769	28,52	Grupo 2	Grupo 2	0,52	0,51	15,10	13,70	0,00
87	4,26	328	16,05	1.645	0,93	739	30,43	Grupo 3	Grupo 4	0,49	0,53	11,60	0,00	5,40
45	2,93	323	21,04	547	14,70	324	30,03	Grupo 5	Grupo 4	0,40	0,41	27,00	0,00	0,00
169	6,04	613	21,92	1.217	1,58	664	30,88	Grupo 5	Grupo 5	0,50	0,44	24,80	0,00	0,00
23	0,69	192	5,76	7.361	1,19	639	27,43	Grupo 1	Grupo 1	0,56	0,54	0,00	0,00	0,00
1.489	2,69	7.565	13,66	45.912	2,46	12.740	26,47	Grupo 1	Grupo 1	0,44	0,41	19,10	0,00	0,00
63	2,03	395	12,73	3.450	3,36	817	29,00	Grupo 4	Grupo 2	0,46	0,40	8,60	0,00	0,00
70	3,36	409	19,65	818	0,62	606	31,36	Grupo 4	Grupo 5	0,52	0,44	7,30	0,00	0,00
168	12,09	224	16,12	1.687	1,46	424	24,84	Grupo 4	Grupo 4	0,44	0,52	32,60	0,00	35,90
278	3,16	1.325	15,06	6.270	2,43	2.076	28,48	Grupo 4	Grupo 3	0,44	0,37	36,30	0,00	1,30
78	2,14	408	11,20	1.890	1,56	997	29,87	Grupo 5	Grupo 3	0,53	0,48	26,50	0,00	0,00
76	3,51	346	15,98	733	2,65	372	30,83	Grupo 5	Grupo 4	0,56	0,43	0,00	5,40	0,00
252	1,50	1.782	10,59	15.986	4,23	3.762	27,89	Grupo 4	Grupo 3	0,50	0,43	11,30	0,00	0,00
1.118	5,22	4.614	21,53	11.598	4,24	5.135	30,49	Grupo 2	Grupo 2	0,53	0,48	12,30	0,00	25,10
61	2,57	361	15,23	1.152	1,49	574	29,51	Grupo 2	Grupo 2	0,52	0,45	31,30	0,00	0,00
97	3,95	426	17,35	1.005	2,10	863	31,28	Grupo 4	Grupo 4	0,56	0,44	9,70	0,00	2,40
189	2,75	1.059	15,44	2.605	1,17	1.452	27,97	Grupo 4	Grupo 4	0,45	0,36	13,90	0,00	0,00
193	2,15	1.183	13,15	6.165	2,17	2.554	29,72	Grupo 3	Grupo 4	0,50	0,67	19,30	0,00	0,00
130	4,63	517	18,41	1.532	0,90	846	30,85	Grupo 4	Grupo 5	0,52	0,41	25,90	0,00	7,60
899	9,91	2.075	22,86	2.638	0,49	2.904	33,68	Grupo 3	Grupo 4	0,60	0,55	10,20	0,00	11,60
218	7,01	563	18,10	1.498	1,67	1.023	33,22	Grupo 3	Grupo 5	0,56	0,46	5,60	0,00	0,00
140	1,74	703	8,73	5.496	1,82	1.878	27,83	Grupo 1	Grupo 1	0,48	0,48	0,00	0,00	1,30
276	3,06	1.169	12,97	7.500	0,74	1.553	28,82	Grupo 2	Grupo 2	0,56	0,49	17,60	0,00	0,00
605	0,99	4.162	6,79	72.463	1,82	11.997	26,90	Grupo 1	Grupo 1	0,55	0,47	2,60	0,00	0,10
37	2,31	213	13,30	594	2,04	440	29,26	Grupo 4	Grupo 4	0,52	0,45	16,40	0,00	0,00
47	3,31	216	15,20	514	1,59	428	31,45	Grupo 4	Grupo 3	0,56	0,47	0,00	0,00	0,00
15	1,27	167	14,19	929	1,74	235	29,57	Grupo 3	Grupo 4	0,45	0,37	22,80	0,00	0,00
123	2,99	751	18,27	3.661	2,11	1.040	31,05	Grupo 4	Grupo 3	0,48	0,48	20,10	0,00	3,60
374	4,80	1.368	17,55	5.795	1,06	1.852	27,45	Grupo 2	Grupo 2	0,48	0,40	11,60	0,00	13,00
47	2,64	184	10,35	2.397	1,20	304	29,50	Grupo 3	Grupo 4	0,51	0,46	0,00	0,00	0,00
34	2,36	183	12,68	841	1,50	315	29,29	Grupo 4	Grupo 2	0,47	0,36	0,00	0,00	0,00
220	17,76	317	25,59	494	2,74	444	33,66	Grupo 5	Grupo 4	0,56	0,53	0,00	0,00	28,00
125	2,85	683	15,60	3.604	2,01	1.457	29,07	Grupo 5	Grupo 4	0,55	0,59	36,20	0,00	0,00
74	1,25	475	8,00	6.724	4,32	1.316	27,12	Grupo 1	Grupo 3	0,50	0,40	0,00	0,00	0,00
57	2,54	295	13,12	876	2,07	324	28,67	Grupo 3	Grupo 4	0,48	0,36	11,30	0,00	0,00
79	3,56	413	18,60	735	4,93	793	26,60	Grupo 5	Grupo 5	0,55	0,44	7,90	0,00	0,00
709	12,83	1.317	23,83	2.656	2,05	1.535	30,87	Grupo 4	Grupo 4	0,61	0,50	18,50	0,00	28,80
420	5,87	1.448	20,25	5.018	2,14	2.082	28,75	Grupo 2	Grupo 2	0,52	0,45	26,00	0,00	6,00
63	1,30	450	9,26	2.949	5,09	827	29,10	Grupo 3	Grupo 3	0,47	0,38	0,00	0,00	0,00
24	2,46	147	15,09	670	1,24	260	29,60	Grupo 3	Grupo 4	0,41	0,37	0,00	0,00	10,70
1.726	6,11	4.817	17,05	14.766	2,46	8.279	33,48	Grupo 4	Grupo 4	0,54	0,50	20,80	0,00	0,90
199	20,08	251	25,33	329	1,12	415	33,33	Grupo 4	Grupo 5	0,61	0,54	0,00	0,00	49,50
2.015	4,71	7.941	18,56	23.215	3,16	10.860	28,78	Grupo 2	Grupo 2	0,52	0,45	39,00	0,80	0,00
1.655	3,91	6.774	16,02	35.682	3,64	9.814	29,57	Grupo 3	Grupo 3	0,55	0,49	21,20	0,00	3,20
2.115	7,95	5.970	22,43	19.846	1,61	6.511	30,89	Grupo 4	Grupo 4	0,60	0,53	24,00	0,00	13,10
2.927	5,08	10.862	18,86	37.747	3,48	12.838	29,57	Grupo 2	Grupo 2	0,48	0,45	49,50	1,30	0,00
376	1,77	2.071	9,77	22.848	1,97	6.501	27,45	Grupo 1	Grupo 1	0,52	0,45	3,50	0,00	0,00
259	22,35	334	28,82	521	1,03	320	35,28	Grupo 5	Grupo 5	0,66	0,53	20,20	0,00	49,20
230	1,74	1.502	11,39	10.474	1,56	3.934	28,77	Grupo 3	Grupo 4	0,54	0,45	15,90	0,00	0,00
501	10,56	1.146	24,15	2.067	2,10	1.595	32,72	Grupo 4	Grupo 4	0,58	0,53	20,70	0,00	22,60
69	1,86	417	11,24	4.556	3,52	944	29,56	Grupo 3	Grupo 3	0,44	0,41	6,20	0,00	0,00
68	5,04	286	21,19	600	1,98	234	29,32	Grupo 5	Grupo 5	0,45	0,45	13,80	0,00	7,20
5.954	6,64	19.962	22,26	46.464	3,61	22.482	29,30	Grupo 5	Grupo 5	0,46	0,42	42,80	7,80	0,00
1.428	9,43	3.360	22,19	8.814	1,95	3.794	30,93	Grupo 4	Grupo 5	0,61	0,48	34,10	0,00	6,00
480	10,45	1.214	26,43	1.359	3,63	1.434	33,45	Grupo 5	Grupo 4	0,59	0,50	29,50	0,00	6,40
312	1,00	2.291	7,35	37.210	2,15	5.525	27,14	Grupo 1	Grupo 1	0,52	0,48	4,10	0,00	0,00
202	3,87	934	17,88	3.342	2,04	1.415	31,18	Grupo 4	Grupo 3	0,48	0,43	49,50	0,00	1,70
106	2,64	522	13,02	4.054	2,18	1.093	24,96	Grupo 3	Grupo 4	0,54	0,48	34,30	0,00	0,00
103	6,02	382	22,31	808	0,91	522	31,68	Grupo 3	Grupo 4	0,52	0,44	0,00	0,00	5,40
68	2,97	371	16,22	840	1,40	789	28,79	Grupo 5	Grupo 5	0,51	0,41	27,30	0,00	0,00
819	1,76	4.414	9,49	59.118	5,68	9.274	28,23	Grupo 1	Grupo 1	0,56	0,52	8,00	0,80	0,80
214	1,61	1.328	9,99	23.176	2,62	2.619	27,91	Grupo 1	Grupo 1	0,53	0,43	2,10	0,00	0,00
282	2,24	1.686	13,38	8.044	2,10	3.424	29,50	Grupo 4	Grupo 4	0,58	0,52	4,90	0,00	2,80
46	2,27	394	19,47	906	1,67	478	29,99	Grupo 3	Grupo 4	0,47	0,39	0,00	0,00	0,00
490	2,16	2.260	9,96	23.224	2,09	5.672	28,61	Grupo 2	Grupo 1	0,52	0,52	11,00	0,00	0,00
1.983	3,09	8.356	13,02	46.627	1,72	15.848	28,98	Grupo 1	Grupo 1	0,51	0,49	6,30	2,20	0,70
25	1,42	203	11,56	2.856	2,22	477	26,25	Grupo 4	Grupo 3	0,47	0,35	0,00	0,00	0,00
386	7,29	1.224	23,11	3.574	2,63	1.352	32,40	Grupo 4	Grupo 5	0,60	0,53	3,70	0,00	35,00
157	1,16	1.109	8,19	32.306	1,96	2.619	27,56	Grupo 1	Grupo 1	0,54	0,49	2,60	0,00	0,00
278	1,71	1.785	10,97	11.083	1,16	4.324	28,75	Grupo 3	Grupo 3	0,50	0,46	1,40	0,00	0,40
50	3,03	247	14,99	3.705	2,21	288	29,45	Grupo 2	Grupo 2	0,53	0,49	0,00	0,00	0,00
913	2,81	4.514	13,87	20.918	3,07	6.719	27,22	Grupo 2	Grupo 2	0,49	0,48	25,30	1,90	0,00
375	3,37	1.585	14,24	9.223	2,94	2.344	29,63	Grupo 4	Grupo 2	0,53	0,48	21,60	0,00	1,50
212	2,99	1.086	15,31	6.855	1,81	1.399	29,29	Grupo 4	Grupo 4	0,56	0,45	11,10	0,00	1,30
511	1,25	3.109	7,59	39.990	2,19	9.246	28,26	Grupo 3	Grupo 3	0,49	0,45	8,30	0,00	0,60
56	5,77	185	19,07	654	1,92	282	31,08	Grupo 3	Grupo 3	0,51	0,42	0,00	0,00	0,00
93	2,39	614	15,78	2.040	4,20	500	29,61	Grupo 3	Grupo 4	0,51	0,43	11,50	0,00	0,00
42	3,26	208	16,16	489	0,72	418	29,25	Grupo 4	Grupo 4	0,48	0,42	34,00	0,00	0,00
166	1,61	976	9,46	10.280	1,01	1.936	28,16	Grupo 4	Grupo 3	0,56	0,45	6,00	0,00	1,00
73	5,32	317	23,09	292	2,31	383	31,56	Grupo 4	Grupo 4	0,55	0,41	20,40	0,00	0,00
11	1,29	91	10,66	1.029	0,74	148	28,11	Grupo 4	Grupo 3	0,40	0,39	0,00	0,00	0,00
1.416	1,20	7.709	6,52	181.170	1,75	25.044	28,26	Grupo 1	Grupo 1	0,53	0,53	1,60	4,70	0,00
127	2,19	763	13,19	5.441	3,20	1.522	28,80	Grupo 4	Grupo 4	0,52	0,43	8,40	0,00	0,00
623	10,48	1.523	25,61	2.397	2,36	2.431	33,32	Grupo 5	Grupo 5	0,62	0,49	11,80	0,00	33,80
694	7,88	2.123	24,12	4.061	1,55	2.327	31,44	Grupo 5	Grupo 4	0,51	0,49	32,30	0,00	21,20
79	4,66	413	24,37	719	0,98	727	32,10	Grupo 5	Grupo 4	0,52	0,48	0,00	0,00	12,60
136	1,72	767	9,67	8.559	1,91	2.150	30,01	Grupo 3	Grupo 4	0,53	0,41	3,20	7,40	0,00
59	3,34	277	15,69	849	1,53	406	17,85	Grupo 4	Grupo 3	0,50	0,38	5,80	0,00	3,70
165	8,88	469	25,23	778	1,45	501	30,27	Grupo 5	Grupo 5	0,51	0,55	16,80	0,00	6,60
839	3,00	4.007	14,35	23.741	2,30	6.371	28,77	Grupo 4	Grupo 4	0,52	0,48	29,50	0,00	0,00
398	2,19	2.004	11,04	20.875	0,97	3.963	28,14	Grupo 1	Grupo 3	0,51	0,43	4,20	0,00	0,00
1.749	2,07	8.659	10,25	89.750	2,35	21.313	27,56	Grupo 1	Grupo 1	0,52	0,48	6,10	0,00	0,10
37	1,67	259	11,68	1.938	2,57	482	28,70	Grupo 3	Grupo 3	0,47	0,40	16,80	0,00	0,00
436	1,91	2.261	9,89	27.261	1,60	5.804	28,64	Grupo 2	Grupo 2	0,56	0,45	5,60	0,00	0,00
1.280	5,10	3.951	15,76	16.776	2,76	6.998	30,09	Grupo 5	Grupo 5	0,54	0,52	10,50	0,00	1,30
20	2,81	85	11,92	282	1,49	243	28,90	Grupo 4	Grupo 3	0,47	0,37	0,00	0,00	0,00
125	1,13	864	7,82	18.944	2,69	1.372	26,70	Grupo 1	Grupo 1	0,47	0,50	0,00	0,00	0,00
174	2,90	867	14,43	7.813	0,58	1.607	28,84	Grupo 3	Grupo 3	0,53	0,46	8,20	0,00	0,00
12	1,69	98	13,80	870	0,89	180	32,15	Grupo 5	Grupo 3	0,42	0,51	0,00	0,00	0,00
115	3,58	516	16,07	5.008	0,54	420	27,92	Grupo 2	Grupo 2	0,51	0,42	49,90	0,00	0,00
36	2,31	249	15,97	540	7,19	472	28,95	Grupo 4	Grupo 4	0,46	0,35	28,70	0,00	0,00
55	4,14	262	19,73	683	5,56	459	31,74	Grupo 3	Grupo 3	0,44	0,40	24,30	0,00	0,00
45	4,89	195	21,20	403	6,28	324	31,64	Grupo 4	Grupo 5	0,48	0,42	0,00	0,00	0,00
90	1,94	553	11,90	4.410	0,72	1.113	29,84	Grupo 3	Grupo 3	0,45	0,55	24,90	0,00	0,00
38	1,41	355	13,22	2.448	2,05	833	29,67	Grupo 1	Grupo 3	0,50	0,43	0,00	0,00	0,00
18	1,43	186	14,82	493	0,60	435	29,65	Grupo 4	Grupo 3	0,44	0,42	0,00	0,00	0,00
27	2,37	148	12,99	603	3,43	324	30,20	Grupo 3	Grupo 4	0,52	0,44	0,00	0,00	0,00
443	3,41	1.823	14,05	9.578	3,14	3.346	29,71	Grupo 2	Grupo 1	0,49	0,44	11,40	0,00	0,60
669	2,88	3.972	17,11	14.716	1,92	4.876	27,63	Grupo 4	Grupo 4	0,62	0,56	11,70	0,00	5,30
67	2,31	452	15,61	1.808	1,09	735	30,40	Grupo 4	Grupo 4	0,48	0,48	7,60	0,00	0,00
75	6,09	292	23,72	711	1,09	318	23,02	Grupo 5	Grupo 5	0,49	0,39	17,90	0,00	16,40
125	2,87	588	13,48	2.555	1,70	1.178	29,24	Grupo 3	Grupo 3	0,45	0,42	5,40	0,00	0,00
12	1,35	62	6,97	1.444	0,71	103	27,85	Grupo 1	Grupo 2	0,41	0,40	0,00	0,00	0,00
58	4,47	188	14,49	353	2,41	295	29,96	Grupo 4	Grupo 5	0,43	0,37	0,00	0,00	0,00
1.643	2,39	7.787	11,33	64.346	2,20	15.475	28,50	Grupo 3	Grupo 3	0,56	0,50	6,20	1,50	0,10
27	3,91	137	19,86	319	2,35	154	28,52	Grupo 3	Grupo 4	0,41	0,43	0,00	0,00	0,00
316	4,20	1.322	17,58	3.494	1,92	2.506	28,98	Grupo 4	Grupo 4	0,54	0,45	6,30	0,00	3,10
516	2,18	2.619	11,05	32.407	2,25	5.288	27,01	Grupo 2	Grupo 2	0,52	0,52	7,70	0,00	0,00
3.971	3,17	17.912	14,29	73.131	2,61	27.299	26,91	Grupo 2	Grupo 2	0,46	0,44	6,80	16,20	0,00
28	1,80	146	9,39	2.151	1,95	354	27,86	Grupo 3	Grupo 3	0,56	0,36	3,90	0,00	0,00
24	1,90	140	11,09	2.408	1,62	296	29,34	Grupo 3	Grupo 4	0,42	0,40	0,00	0,00	9,70
20	3,09	106	16,36	240	0,00	288	30,74	Grupo 3	Grupo 3	0,45	0,37	13,50	0,00	0,00
260	4,02	1.139	17,60	4.292	1,42	1.855	30,08	Grupo 2	Grupo 2	0,57	0,46	32,20	0,00	0,00
92	2,50	432	11,76	1.722	1,72	927	29,66	Grupo 4	Grupo 4	0,48	0,39	14,40	0,00	1,90
38	3,67	159	15,36	457	2,91	258	29,56	Grupo 4	Grupo 4	0,45	0,43	0,00	0,00	0,00
708	11,43	1.737	28,04	2.793	2,76	1.888	34,48	Grupo 5	Grupo 5	0,60	0,50	7,70	0,00	47,80
218	2,67	1.029	12,59	4.302	2,05	1.938	27,19	Grupo 4	Grupo 3	0,52	0,45	6,40	0,00	4,40
533	9,72	1.191	21,71	3.736	1,23	1.838	31,28	Grupo 4	Grupo 4	0,61	0,50	6,10	0,00	37,50
288	1,65	1.662	9,52	14.767	6,50	3.881	27,73	Grupo 3	Grupo 3	0,47	0,43	4,40	0,00	0,00
50	3,54	204	14,44	543	3,04	483	30,93	Grupo 3	Grupo 4	0,40	0,39	0,00	0,00	0,00
508	2,50	2.900	14,29	17.731	1,10	5.823	29,10	Grupo 3	Grupo 3	0,53	0,53	4,80	0,00	3,50
4.704	4,04	16.172	13,89	101.402	2,26	25.438	29,25	Grupo 2	Grupo 2	0,57	0,54	17,10	0,00	1,90
763	1,83	4.508	10,79	40.766	2,12	10.267	27,77	Grupo 1	Grupo 1	0,51	0,44	7,60	0,00	0,00
512	1,89	2.640	9,76	29.371	2,55	6.314	28,12	Grupo 1	Grupo 1	0,53	0,49	5,60	0,00	0,00
49	5,21	156	16,58	491	2,23	298	30,39	Grupo 5	Grupo 4	0,61	0,61	47,20	0,00	0,00
15	2,01	74	9,89	1.798	0,00	303	30,32	Grupo 1	Grupo 3	0,46	0,43	0,00	0,00	0,00
957	6,56	2.397	16,43	5.919	1,75	4.655	32,39	Grupo 5	Grupo 5	0,55	0,50	20,70	0,00	0,40
44	1,87	225	9,59	1.405	1,72	462	28,97	Grupo 4	Grupo 3	0,50	0,48	4,40	0,00	0,00
179	1,20	1.333	8,92	14.343	1,36	3.544	28,02	Grupo 3	Grupo 3	0,50	0,42	3,90	0,00	0,50
106	1,46	634	8,74	4.212	1,16	1.710	28,82	Grupo 3	Grupo 3	0,51	0,50	5,10	0,00	0,00
111	1,84	759	12,61	5.963	1,37	1.409	28,88	Grupo 3	Grupo 3	0,59	0,46	21,50	0,00	0,00
42	3,02	202	14,52	581	1,83	408	30,22	Grupo 4	Grupo 4	0,54	0,38	0,00	0,00	0,00
511	3,53	2.378	16,44	11.246	3,51	3.578	28,55	Grupo 2	Grupo 1	0,50	0,44	31,40	0,00	1,60
76	5,69	276	20,67	856	2,78	449	31,38	Grupo 4	Grupo 3	0,60	0,48	0,00	0,00	9,70
327	3,72	1.401	15,93	8.168	4,08	2.275	29,48	Grupo 1	Grupo 2	0,55	0,45	28,60	0,00	0,00
65	1,85	320	9,09	11.314	2,59	684	29,02	Grupo 3	Grupo 4	0,50	0,41	0,00	0,00	0,00
69	5,08	188	13,85	523	4,51	258	28,32	Grupo 3	Grupo 4	0,47	0,45	0,00	0,00	26,00
47	3,27	230	15,98	486	3,54	280	30,32	Grupo 4	Grupo 4	0,47	0,43	0,00	0,00	22,70
29	3,43	170	20,12	352	1,28	208	30,57	Grupo 4	Grupo 3	0,49	0,35	60,10	0,00	0,00
57	4,27	286	21,41	1.045	1,01	497	30,22	Grupo 1	Grupo 3	0,54	0,36	31,90	0,00	16,70
179	7,44	586	24,37	704	1,28	852	32,82	Grupo 5	Grupo 4	0,52	0,51	0,00	0,00	38,40
225	4,33	1.053	20,27	2.887	3,05	908	30,50	Grupo 4	Grupo 4	0,55	0,45	12,20	0,00	12,70
32	1,08	264	8,89	1.620	0,38	749	28,66	Grupo 3	Grupo 3	0,48	0,40	0,00	0,00	0,00
57	1,55	397	10,78	1.850	2,34	580	28,98	Grupo 3	Grupo 4	0,51	0,49	0,00	0,00	0,00
29	2,09	162	11,67	627	0,73	301	28,03	Grupo 4	Grupo 5	0,46	0,37	0,00	0,00	0,00
32	1,61	213	10,74	1.138	0,84	459	30,22	Grupo 1	Grupo 1	0,45	0,38	0,00	0,00	0,00
375	15,58	825	34,28	2.340	0,26	730	31,49	Grupo 5	Grupo 5	0,61	0,47	64,90	0,00	21,70
25	3,36	129	17,32	213	1,13	242	31,34	Grupo 3	Grupo 3	0,45	0,34	0,00	0,00	22,00
10	2,63	57	15,00	240	0,00	115	30,29	Grupo 3	Grupo 3	0,43	0,36	0,00	0,00	0,00
59	2,06	345	12,03	3.946	0,00	664	29,29	Grupo 5	Grupo 5	0,46	0,39	0,00	0,00	0,00
154	2,47	810	13,00	2.565	1,38	1.542	28,91	Grupo 3	Grupo 4	0,49	0,44	10,00	0,00	0,00
30	3,95	111	14,61	253	0,86	234	30,86	Grupo 4	Grupo 4	0,40	0,41	0,00	0,00	0,00
25	2,61	160	16,70	1.390	2,07	238	29,62	Grupo 5	Grupo 4	0,46	0,36	36,10	0,00	7,50
22	1,97	129	11,56	353	1,40	337	29,00	Grupo 4	Grupo 3	0,45	0,35	26,20	0,00	0,00
164	1,04	1.108	7,01	19.748	1,57	2.971	26,68	Grupo 1	Grupo 1	0,45	0,41	0,00	0,00	0,00
25	1,85	212	15,70	351	0,00	247	30,65	Grupo 3	Grupo 3	0,43	0,45	35,20	0,00	0,00
228	1,86	1.285	10,51	9.896	2,25	3.197	29,51	Grupo 2	Grupo 1	0,49	0,45	8,80	0,00	0,00
44	2,03	224	10,33	2.810	2,11	565	28,33	Grupo 2	Grupo 2	0,50	0,45	4,60	0,00	0,00
37	2,71	275	20,13	740	2,34	229	31,52	Grupo 4	Grupo 5	0,54	0,39	10,60	0,00	4,80
35	3,84	152	16,68	361	1,01	220	33,10	Grupo 4	Grupo 4	0,47	0,43	31,60	0,00	0,00
288	1,80	1.721	10,77	14.856	2,61	4.270	29,81	Grupo 3	Grupo 1	0,59	0,43	16,70	0,00	0,00
19	1,59	160	13,38	3.366	1,19	253	29,48	Grupo 1	Grupo 2	0,44	0,34	0,00	0,00	0,00
56	2,91	288	14,95	961	2,77	296	29,67	Grupo 4	Grupo 5	0,48	0,44	0,00	0,00	0,00
24	1,34	179	10,03	3.135	0,76	341	27,55	Grupo 1	Grupo 1	0,50	0,38	0,00	0,00	0,00
211	1,76	1.259	10,51	11.917	1,68	3.291	28,21	Grupo 2	Grupo 2	0,49	0,50	9,70	0,00	0,00
5.916	2,93	25.392	12,58	175.612	4,00	50.130	28,07	Grupo 2	Grupo 2	0,51	0,53	9,60	8,20	0,00
25	2,87	147	16,86	434	3,31	127	32,29	Grupo 3	Grupo 4	0,50	0,45	12,70	0,00	0,00
199	1,99	1.263	12,61	7.771	2,39	2.607	28,81	Grupo 4	Grupo 3	0,53	0,46	5,50	2,60	0,60
786	2,40	4.208	12,83	27.843	1,85	9.017	29,82	Grupo 3	Grupo 3	0,53	0,50	10,40	0,00	0,20
145	5,64	530	20,60	681	0,31	915	31,73	Grupo 4	Grupo 4	0,42	0,39	28,20	0,00	0,00
92	3,31	347	12,48	3.231	2,76	1.190	28,78	Grupo 1	Grupo 1	0,54	0,43	29,10	0,00	0,00
116	3,18	568	15,58	1.424	1,13	982	26,16	Grupo 3	Grupo 3	0,53	0,45	8,80	0,00	2,00
72	1,92	448	11,92	2.750	3,39	1.040	29,25	Grupo 3	Grupo 4	0,50	0,40	18,50	0,00	0,00
66	2,08	401	12,63	802	1,77	537	26,47	Grupo 4	Grupo 4	0,42	0,34	42,30	0,00	0,00
81	2,46	450	13,67	1.027	1,44	690	31,11	Grupo 3	Grupo 4	0,51	0,42	9,10	0,00	0,00
191	2,67	1.068	14,90	3.808	2,82	1.816	31,16	Grupo 3	Grupo 3	0,65	0,44	2,90	0,00	1,00
131	2,83	793	17,13	2.960	4,23	1.713	31,07	Grupo 5	Grupo 4	0,61	0,51	34,20	0,00	0,00
476	3,65	2.111	16,20	14.809	0,63	4.280	29,37	Grupo 3	Grupo 4	0,58	0,45	20,80	0,00	1,40
289	5,36	1.061	19,68	2.695	2,83	1.261	31,18	Grupo 4	Grupo 4	0,54	0,51	2,60	0,00	25,70
26	1,37	180	9,48	2.356	0,90	304	29,39	Grupo 1	Grupo 1	0,47	0,45	23,50	0,00	0,00
224	4,06	1.089	19,73	4.497	1,92	1.520	29,64	Grupo 2	Grupo 2	0,59	0,47	19,60	0,00	0,00
32	2,47	201	15,51	600	1,54	280	30,20	Grupo 3	Grupo 4	0,48	0,45	0,00	0,00	0,00
133	3,64	617	16,89	3.380	1,11	773	30,67	Grupo 4	Grupo 5	0,70	0,42	0,00	0,00	2,80
49	2,86	230	13,42	2.228	1,67	444	32,11	Grupo 4	Grupo 4	0,48	0,46	20,90	0,00	0,00
351	6,31	1.203	21,62	4.257	2,86	1.653	31,94	Grupo 5	Grupo 5	0,57	0,47	6,10	0,00	18,40
8	1,13	70	9,85	320	0,63	115	29,79	Grupo 4	Grupo 4	0,35	0,40	0,00	0,00	0,00
145	3,68	641	16,26	3.985	2,20	1.064	30,55	Grupo 3	Grupo 4	0,52	0,42	7,10	0,00	5,00
59	3,05	346	17,88	2.314	5,99	301	29,61	Grupo 5	Grupo 5	0,56	0,44	15,70	0,00	8,20
376	1,55	1.963	8,10	43.256	2,11	4.819	27,14	Grupo 1	Grupo 1	0,56	0,48	5,20	0,40	0,00
16	2,87	118	21,15	241	2,50	128	29,99	Grupo 3	Grupo 3	0,49	0,43	0,00	0,00	0,00
112	3,89	473	16,45	911	1,53	686	30,38	Grupo 5	Grupo 4	0,59	0,51	16,30	0,00	0,00
399	3,25	1.687	13,72	14.144	1,71	4.220	28,97	Grupo 1	Grupo 1	0,50	0,49	22,00	0,00	3,40
92	5,02	357	19,50	755	4,14	509	29,85	Grupo 4	Grupo 4	0,46	0,41	0,00	0,00	38,20
21	2,38	119	13,48	400	0,00	204	30,63	Grupo 3	Grupo 3	0,47	0,38	0,00	0,00	0,00
120	2,50	824	17,16	3.450	1,65	1.368	30,43	Grupo 5	Grupo 4	0,51	0,49	13,20	0,00	3,80
149	1,17	998	7,84	13.534	1,95	3.008	27,13	Grupo 3	Grupo 3	0,46	0,42	4,80	0,00	0,00
23	2,55	157	17,43	511	2,64	232	28,36	Grupo 3	Grupo 3	0,56	0,56	0,00	0,00	9,00
327	10,10	796	24,58	1.025	0,66	1.164	34,01	Grupo 4	Grupo 5	0,59	0,47	0,00	0,00	28,60
482	2,55	2.194	11,60	13.780	1,29	4.799	29,66	Grupo 3	Grupo 5	0,55	0,47	10,10	0,00	0,40
293	3,64	1.212	15,06	6.230	1,93	2.381	30,56	Grupo 2	Grupo 2	0,55	0,48	8,60	0,00	2,80
68	2,85	363	15,24	2.034	3,18	627	30,35	Grupo 3	Grupo 3	0,51	0,44	7,20	0,00	0,00
1.231	6,39	3.419	17,74	8.797	1,39	6.175	34,40	Grupo 5	Grupo 5	0,57	0,53	25,80	0,00	0,50
62	3,80	239	14,66	968	2,59	357	29,69	Grupo 4	Grupo 3	0,48	0,40	38,50	0,00	0,00
819	5,31	3.137	20,35	8.096	4,43	4.479	29,97	Grupo 4	Grupo 4	0,59	0,47	6,30	0,00	18,00
427	5,48	1.794	23,01	6.886	6,20	1.921	31,35	Grupo 3	Grupo 3	0,64	0,43	17,30	0,00	15,00
1.837	4,27	6.530	15,18	34.051	1,81	10.717	28,39	Grupo 2	Grupo 2	0,56	0,52	9,50	0,00	1,00
72	1,50	459	9,55	2.577	2,49	1.377	29,06	Grupo 3	Grupo 3	0,46	0,39	6,50	0,00	0,00
125	2,96	660	15,61	1.951	2,19	786	30,53	Grupo 4	Grupo 4	0,49	0,42	2,10	0,00	5,50
60	4,99	261	21,71	602	0,74	352	30,50	Grupo 3	Grupo 3	0,54	0,42	0,00	0,00	14,10
263	5,96	822	18,64	1.513	1,21	1.285	29,90	Grupo 4	Grupo 5	0,50	0,49	0,00	0,00	2,50
234	2,99	1.172	14,98	4.389	2,02	1.902	29,32	Grupo 3	Grupo 3	0,51	0,57	11,40	0,00	0,00
2.240	1,99	9.516	8,44	134.033	2,50	25.309	28,26	Grupo 1	Grupo 1	0,53	0,52	7,40	1,70	0,00
210	2,26	1.344	14,47	6.318	1,69	2.675	30,65	Grupo 3	Grupo 3	0,55	0,48	4,20	0,00	3,10
208	3,18	973	14,87	3.181	2,73	2.455	26,35	Grupo 4	Grupo 4	0,50	0,47	12,10	0,00	0,00
45	1,33	275	8,15	2.050	2,25	685	28,55	Grupo 4	Grupo 3	0,44	0,38	0,00	0,00	0,00
293	6,68	927	21,15	3.134	2,52	1.024	30,21	Grupo 5	Grupo 5	0,53	0,47	36,30	0,00	0,00
243	3,14	1.260	16,28	4.931	1,24	1.845	29,00	Grupo 4	Grupo 4	0,54	0,52	9,20	0,00	2,20
385	1,70	2.154	9,54	21.402	1,83	4.942	29,27	Grupo 2	Grupo 1	0,51	0,51	6,90	0,00	0,00
53	1,43	406	10,99	1.785	1,60	818	29,39	Grupo 5	Grupo 4	0,52	0,48	0,00	0,00	0,00
442	4,16	1.544	14,54	7.497	1,00	2.942	30,25	Grupo 3	Grupo 4	0,49	0,41	34,60	0,00	0,00
39	2,76	223	15,76	2.857	0,88	190	29,97	Grupo 3	Grupo 2	0,65	0,37	0,00	0,00	0,00
39	3,74	220	21,09	595	1,45	268	32,14	Grupo 4	Grupo 4	0,47	0,49	0,00	0,00	14,10
1.144	3,74	4.675	15,29	33.916	2,40	6.885	28,73	Grupo 5	Grupo 4	0,49	0,43	13,10	0,00	0,00
20	1,10	164	9,04	936	0,47	382	31,56	Grupo 3	Grupo 3	0,52	0,39	0,00	0,00	0,00
148	2,33	830	13,04	7.984	1,45	1.356	28,38	Grupo 1	Grupo 1	0,51	0,47	5,90	0,00	0,00
32	2,64	189	15,61	494	2,65	287	29,05	Grupo 3	Grupo 3	0,54	0,45	0,00	0,00	0,00
373	3,19	1.617	13,84	10.195	5,48	2.057	27,77	Grupo 2	Grupo 2	0,62	0,44	46,30	0,00	0,00
36	2,74	224	17,05	422	1,80	264	29,77	Grupo 4	Grupo 5	0,40	0,38	15,10	0,00	0,00
10	1,18	112	13,25	1.846	2,16	250	31,20	Grupo 3	Grupo 2	0,53	0,38	0,00	0,00	0,00
32	2,13	248	16,52	388	0,43	475	30,91	Grupo 3	Grupo 4	0,47	0,41	0,00	0,00	0,00
142	5,08	531	18,99	1.249	5,30	606	31,27	Grupo 4	Grupo 4	0,45	0,48	0,00	0,00	18,00
330	2,27	1.858	12,76	13.641	1,83	3.689	28,54	Grupo 3	Grupo 1	0,47	0,45	7,40	0,00	1,40
373	2,35	1.920	12,10	15.840	1,88	3.382	29,23	Grupo 1	Grupo 2	0,50	0,45	13,50	3,10	0,00
304	6,54	1.086	23,38	1.408	0,67	1.502	25,83	Grupo 5	Grupo 5	0,44	0,37	50,50	0,00	0,00
80	1,61	481	9,65	4.887	2,02	1.029	29,09	Grupo 3	Grupo 3	0,46	0,40	5,80	0,00	0,00
31	6,08	115	22,55	264	0,00	174	17,66	Grupo 3	Grupo 4	0,38	0,38	0,00	0,00	0,00
139	2,73	548	10,78	7.142	3,69	854	27,82	Grupo 2	Grupo 2	0,45	0,45	18,70	0,00	5,80
3.009	3,61	11.296	13,54	43.934	3,11	22.166	30,70	Grupo 2	Grupo 2	0,55	0,49	25,50	6,20	0,00
28	2,04	227	16,52	1.120	2,29	170	29,09	Grupo 4	Grupo 4	0,62	0,40	0,00	0,00	0,00
61	4,53	229	17,00	712	1,07	316	29,46	Grupo 3	Grupo 4	0,47	0,47	0,00	0,00	0,00
145	3,19	705	15,53	2.066	1,51	1.733	29,61	Grupo 4	Grupo 3	0,53	0,46	4,30	0,00	12,50
578	4,38	2.408	18,24	7.078	1,18	5.001	29,83	Grupo 4	Grupo 4	0,56	0,47	16,80	0,40	6,00
1.322	1,95	7.046	10,39	67.790	2,16	17.024	28,62	Grupo 3	Grupo 4	0,59	0,54	7,30	0,00	0,20
350	2,82	1.705	13,75	6.398	1,45	3.480	28,23	Grupo 3	Grupo 3	0,58	0,49	3,80	0,00	2,50
364	3,32	1.525	13,89	12.141	3,28	2.370	30,09	Grupo 3	Grupo 4	0,50	0,43	13,20	0,00	10,70
47	4,54	186	17,97	494	1,67	188	30,58	Grupo 5	Grupo 4	0,48	0,49	0,00	0,00	0,00
115	2,86	587	14,62	4.260	1,35	1.446	29,87	Grupo 4	Grupo 5	0,53	0,41	11,60	0,00	0,00
45	5,12	161	18,32	780	1,87	174	31,30	Grupo 2	Grupo 2	0,38	0,42	32,10	0,00	0,00
202	6,74	661	22,05	1.719	1,98	884	29,20	Grupo 5	Grupo 5	0,60	0,46	17,60	0,00	18,10
76	3,90	350	17,98	1.314	1,86	457	29,71	Grupo 3	Grupo 3	0,52	0,43	7,60	0,00	0,00
40	1,59	297	11,80	3.418	1,73	462	30,25	Grupo 2	Grupo 4	0,43	0,40	11,90	0,00	3,80
293	3,11	1.558	16,55	7.608	2,53	2.847	30,14	Grupo 4	Grupo 3	0,53	0,47	13,20	0,00	1,40
89	7,06	339	26,90	537	4,83	343	32,19	Grupo 5	Grupo 5	0,51	0,45	17,50	0,00	41,50
142	2,39	756	12,73	6.772	1,23	1.617	28,83	Grupo 3	Grupo 4	0,54	0,46	2,60	0,00	0,00
45	2,56	238	13,55	881	1,10	606	22,68	Grupo 3	Grupo 4	0,49	0,41	0,00	0,00	0,00
1.044	6,33	3.288	19,93	13.495	2,69	4.562	31,57	Grupo 4	Grupo 5	0,62	0,52	12,70	0,00	10,00
84	4,60	361	19,77	1.582	1,39	388	31,30	Grupo 3	Grupo 4	0,44	0,38	12,30	0,00	13,80
142	13,49	287	27,26	421	2,95	176	35,51	Grupo 5	Grupo 4	0,59	0,47	0,00	0,00	61,80
99	2,63	596	15,82	2.275	1,31	919	31,51	Grupo 5	Grupo 4	0,52	0,46	29,00	0,00	0,00
833	15,71	1.756	33,11	3.409	2,46	1.547	32,64	Grupo 5	Grupo 5	0,59	0,46	20,30	0,00	47,30
54	4,15	231	17,77	648	0,00	261	30,71	Grupo 3	Grupo 4	0,42	0,42	18,30	0,00	0,00
52	3,69	255	18,10	699	1,29	402	30,20	Grupo 3	Grupo 3	0,44	0,59	5,30	0,00	4,10
22	2,95	149	19,97	275	0,93	266	31,32	Grupo 3	Grupo 4	0,42	0,38	0,00	0,00	0,00
192	8,58	582	26,01	1.020	3,23	406	31,69	Grupo 4	Grupo 3	0,62	0,41	6,50	0,00	39,10
692	2,04	3.828	11,31	24.288	2,65	8.198	27,31	Grupo 1	Grupo 1	0,50	0,44	4,70	2,30	0,00
2.839	1,45	14.488	7,42	230.619	3,08	41.084	27,62	Grupo 2	Grupo 2	0,56	0,54	5,50	2,10	0,10
36	3,12	186	16,13	523	0,74	427	30,17	Grupo 2	Grupo 2	0,48	0,45	0,00	0,00	0,00
130	4,17	520	16,69	1.594	1,78	796	30,68	Grupo 4	Grupo 5	0,45	0,44	14,70	0,00	2,10
85	2,60	537	16,43	2.036	1,34	705	31,53	Grupo 4	Grupo 5	0,53	0,43	9,80	0,00	0,00
968	1,62	4.969	8,32	67.009	1,76	11.378	28,10	Grupo 1	Grupo 2	0,54	0,50	9,80	0,00	0,00
185	2,13	941	10,82	9.436	1,56	1.813	28,08	Grupo 1	Grupo 1	0,49	0,45	12,60	0,00	0,00
629	4,77	2.272	17,22	4.204	1,84	3.478	28,17	Grupo 5	Grupo 4	0,42	0,39	29,90	0,00	0,00
116	3,95	588	20,03	922	3,32	698	27,75	Grupo 5	Grupo 5	0,60	0,40	12,70	0,00	0,00
288	14,08	519	25,38	533	4,05	736	33,82	Grupo 5	Grupo 5	0,53	0,50	17,60	0,00	27,10
418	6,83	1.118	18,26	2.579	1,92	2.067	29,26	Grupo 4	Grupo 4	0,59	0,60	10,70	0,00	17,00
104	3,65	551	19,33	2.367	1,31	455	28,50	Grupo 5	Grupo 4	0,50	0,43	20,00	0,00	2,90
24	2,77	101	11,66	389	0,61	188	28,89	Grupo 3	Grupo 3	0,49	0,37	0,00	0,00	0,00
20	2,01	144	14,46	497	0,00	467	31,00	Grupo 3	Grupo 3	0,47	0,39	0,00	0,00	0,00
43	2,48	236	13,63	634	2,68	498	31,73	Grupo 5	Grupo 5	0,52	0,41	0,00	0,00	0,00
25	3,23	148	19,12	375	0,91	154	31,32	Grupo 4	Grupo 3	0,44	0,47	0,00	0,00	6,60
53	2,91	260	14,29	744	0,00	577	30,87	Grupo 4	Grupo 3	0,50	0,42	12,50	0,00	4,70
39	1,21	336	10,39	2.478	1,19	745	28,66	Grupo 3	Grupo 4	0,49	0,43	0,00	0,00	0,00
241	5,15	940	20,09	2.144	1,63	876	31,99	Grupo 4	Grupo 4	0,55	0,42	5,30	0,00	15,90
63	4,06	268	17,28	506	1,71	330	30,59	Grupo 5	Grupo 5	0,42	0,39	34,50	0,00	0,00
8	0,37	140	6,47	1.718	3,21	487	26,85	Grupo 3	Grupo 3	0,47	0,39	0,00	0,00	0,00
465	1,46	2.874	9,02	30.224	1,62	7.665	27,32	Grupo 1	Grupo 1	0,50	0,45	4,90	0,00	0,00
421	3,66	1.876	16,33	5.929	1,37	4.513	29,67	Grupo 4	Grupo 3	0,47	0,44	7,10	0,00	3,80
168	5,83	594	20,63	1.378	3,51	1.279	32,47	Grupo 4	Grupo 5	0,57	0,42	7,40	0,00	3,00
66	5,95	237	21,37	2.002	1,89	471	30,14	Grupo 4	Grupo 4	0,51	0,43	45,10	0,00	0,00
76	1,65	463	10,04	4.634	0,00	1.191	29,51	Grupo 4	Grupo 2	0,46	0,43	0,00	0,00	0,00
46	2,29	276	13,77	1.930	1,23	687	29,74	Grupo 3	Grupo 4	0,64	0,42	5,30	0,00	0,00
579	1,05	4.204	7,66	47.595	1,56	11.290	26,28	Grupo 1	Grupo 1	0,44	0,41	1,70	0,40	0,00
178	4,19	708	16,67	3.004	1,14	1.376	29,99	Grupo 4	Grupo 4	0,50	0,47	0,00	0,00	4,80
8	1,16	87	12,57	731	1,61	251	30,11	Grupo 4	Grupo 4	0,46	0,45	0,00	0,00	0,00
23	1,77	126	9,68	1.435	0,38	291	29,64	Grupo 4	Grupo 4	0,52	0,67	0,00	0,00	0,00
24	4,02	110	18,43	318	13,80	113	32,78	Grupo 3	Grupo 5	0,55	0,53	0,00	0,00	0,00
257	2,82	1.262	13,87	6.437	2,73	2.184	29,00	Grupo 5	Grupo 5	0,51	0,51	23,90	0,00	0,00
321	2,30	1.608	11,51	13.476	3,66	4.052	31,03	Grupo 3	Grupo 3	0,54	0,46	8,30	0,00	0,00
31	1,87	206	12,45	494	0,71	454	28,00	Grupo 4	Grupo 3	0,47	0,42	26,30	0,00	0,00
166	1,66	972	9,73	8.227	2,05	2.865	28,82	Grupo 3	Grupo 3	0,57	0,49	0,00	0,00	0,00
121	1,81	640	9,59	7.358	1,66	1.381	27,89	Grupo 1	Grupo 1	0,40	0,38	5,00	0,00	0,00
687	4,49	2.823	18,45	11.077	2,19	4.317	29,57	Grupo 4	Grupo 3	0,51	0,45	12,50	0,00	8,00
70	2,90	344	14,27	855	1,42	695	29,08	Grupo 3	Grupo 4	0,45	0,39	12,30	0,00	2,80
74	4,40	315	18,74	1.245	2,44	284	30,54	Grupo 4	Grupo 3	0,46	0,45	29,80	0,00	0,00
36	3,85	171	18,27	524	1,11	326	32,60	Grupo 3	Grupo 4	0,50	0,40	0,00	0,00	0,00
133	1,52	886	10,11	6.003	0,00	3.007	30,66	Grupo 3	Grupo 3	0,56	0,48	2,80	0,00	0,00
18	1,98	113	12,42	349	2,73	300	30,86	Grupo 3	Grupo 3	0,49	0,39	0,00	0,00	9,90
217	2,93	1.085	14,66	5.172	0,00	1.263	29,31	Grupo 5	Grupo 4	0,53	0,50	2,60	0,00	2,20
4	0,79	41	8,12	229	2,19	114	29,03	Grupo 3	Grupo 3	0,45	0,35	0,00	0,00	0,00
4	0,67	61	10,27	277	2,09	103	31,56	Grupo 3	Grupo 4	0,48	0,42	0,00	0,00	0,00
1.091	3,45	4.109	13,00	63.476	0,00	5.708	27,78	Grupo 1	Grupo 2	0,71	0,67	32,40	3,70	0,00
259	3,87	1.077	16,10	3.149	1,49	1.935	30,83	Grupo 3	Grupo 4	0,54	0,52	0,00	0,00	1,40
4.196	1,95	18.528	8,59	215.122	2,59	49.951	28,23	Grupo 1	Grupo 1	0,52	0,53	4,10	8,00	0,00
72	3,48	414	20,01	1.042	2,51	344	30,01	Grupo 4	Grupo 3	0,52	0,42	0,00	0,00	0,00
150	2,38	914	14,51	7.857	2,68	1.475	28,73	Grupo 1	Grupo 1	0,54	0,44	25,40	0,00	0,00
52	2,14	318	13,11	3.280	1,08	592	27,35	Grupo 2	Grupo 4	0,41	0,41	3,10	0,00	0,00
31	1,71	236	12,99	1.343	2,95	391	29,92	Grupo 3	Grupo 3	0,46	0,41	0,00	0,00	0,00
95	4,76	411	20,60	1.067	1,66	469	30,99	Grupo 4	Grupo 4	0,58	0,47	7,60	0,00	18,70
47	4,87	175	18,12	324	0,84	272	31,26	Grupo 3	Grupo 3	0,51	0,41	14,40	0,00	0,00
43	3,19	221	16,41	564	1,49	377	29,89	Grupo 4	Grupo 5	0,44	0,35	12,80	0,00	0,00
1.749	1,21	7.716	5,34	189.731	1,78	32.527	30,91	Grupo 1	Grupo 1	0,53	0,55	2,40	5,40	0,00
183	5,46	763	22,78	1.323	1,49	858	30,45	Grupo 5	Grupo 3	0,53	0,55	8,00	0,00	22,00
5.481	2,29	24.055	10,06	292.028	2,41	55.456	27,06	Grupo 1	Grupo 1	0,54	0,54	4,10	11,40	1,10
253	0,50	1.869	3,70	113.079	2,59	10.478	29,45	Grupo 1	Grupo 1	0,50	0,54	0,00	0,00	0,00
1.256	1,75	5.824	8,13	76.892	2,14	15.449	27,70	Grupo 1	Grupo 1	0,52	0,49	12,90	0,00	0,10
33	3,42	175	18,15	237	0,00	173	32,67	Grupo 4	Grupo 4	0,47	0,45	0,00	0,00	0,00
370	1,34	2.668	9,67	25.138	2,79	5.791	28,38	Grupo 4	Grupo 3	0,53	0,51	1,50	0,00	0,50
20	2,35	142	16,67	240	0,58	163	29,52	Grupo 3	Grupo 3	0,58	0,36	0,00	0,00	18,70
15	2,54	83	14,04	286	1,86	147	29,25	Grupo 3	Grupo 4	0,66	0,37	0,00	0,00	0,00
10	1,37	71	9,74	226	0,76	296	31,95	Grupo 3	Grupo 3	0,43	0,33	0,00	0,00	0,00
239	1,66	1.426	9,89	12.566	3,31	4.493	28,79	Grupo 1	Grupo 1	0,53	0,42	6,90	0,00	0,00
145	5,81	531	21,27	792	2,07	814	32,25	Grupo 5	Grupo 5	0,47	0,46	42,90	0,00	2,20
144	11,01	328	25,08	505	4,48	338	32,68	Grupo 5	Grupo 5	0,66	0,55	0,00	0,00	24,40
367	2,31	2.207	13,89	15.204	2,45	3.590	29,08	Grupo 4	Grupo 4	0,52	0,49	5,10	0,00	1,40
2.016	1,47	9.755	7,11	140.718	2,05	27.009	27,44	Grupo 1	Grupo 1	0,55	0,50	4,00	0,00	0,10
4.061	2,14	19.399	10,24	211.462	2,57	41.634	27,75	Grupo 1	Grupo 1	0,56	0,55	7,80	1,10	0,80
226	5,26	790	18,39	6.726	2,75	1.264	28,91	Grupo 4	Grupo 4	0,56	0,47	25,00	0,00	1,40
203	5,87	806	23,30	1.606	0,00	1.162	30,57	Grupo 4	Grupo 4	0,53	0,48	0,00	0,00	16,40
272	2,37	1.493	12,98	9.239	2,67	3.086	29,45	Grupo 4	Grupo 3	0,51	0,45	13,70	0,00	0,00
669	7,06	2.421	25,55	4.600	4,08	1.968	31,29	Grupo 3	Grupo 3	0,55	0,57	16,60	0,00	19,30
86.528	2,42	381.151	10,66	5.247.898	3,98	810.080	28,63	Grupo 2	Grupo 2	0,61	0,62	8,90	7,50	0,00
248	2,39	1.190	11,45	5.943	5,21	2.345	30,63	Grupo 3	Grupo 3	0,52	0,46	5,80	0,00	0,00
100	4,28	513	21,93	1.255	2,61	643	32,03	Grupo 3	Grupo 3	0,48	0,39	22,20	0,00	9,00
563	2,37	2.779	11,70	20.085	2,42	5.001	28,40	Grupo 2	Grupo 2	0,60	0,50	8,40	0,00	1,10
818	3,47	3.232	13,69	19.486	1,83	4.575	28,59	Grupo 2	Grupo 2	0,55	0,49	30,10	0,00	0,00
91	2,46	730	19,74	3.127	1,69	1.005	29,49	Grupo 5	Grupo 4	0,52	0,41	0,00	0,00	11,20
131	2,96	556	12,56	3.392	0,21	928	30,80	Grupo 4	Grupo 4	0,53	0,45	19,80	0,00	4,70
3.305	3,25	13.509	13,28	41.321	3,29	24.613	29,39	Grupo 5	Grupo 5	0,50	0,47	4,40	16,10	0,20
156	5,51	592	20,90	2.003	0,96	831	31,06	Grupo 4	Grupo 5	0,62	0,52	20,20	0,00	6,60
57	4,98	255	22,27	475	1,34	504	32,80	Grupo 5	Grupo 4	0,48	0,44	19,80	0,00	0,00
12	1,14	75	7,12	2.977	0,93	261	27,68	Grupo 1	Grupo 3	0,40	0,42	0,00	0,00	0,00
130	5,05	428	16,62	825	3,12	818	25,15	Grupo 5	Grupo 4	0,49	0,45	16,20	0,00	28,80
138	1,59	866	9,98	6.497	2,47	2.480	30,18	Grupo 3	Grupo 4	0,55	0,48	1,10	0,00	2,00
316	2,83	1.481	13,25	7.453	2,18	2.188	28,48	Grupo 4	Grupo 4	0,43	0,37	30,70	0,00	0,00
791	2,39	3.212	9,72	47.390	1,54	7.411	27,53	Grupo 1	Grupo 1	0,52	0,46	10,80	0,00	0,00
477	12,04	1.055	26,63	1.717	3,86	1.064	34,49	Grupo 5	Grupo 5	0,57	0,50	6,60	0,00	34,30
98	2,10	704	15,12	2.378	4,02	828	28,36	Grupo 3	Grupo 4	0,50	0,41	24,60	1,50	0,00
149	8,33	454	25,39	709	1,83	360	32,19	Grupo 5	Grupo 5	0,60	0,48	0,00	0,00	39,10
270	2,22	1.393	11,48	7.111	2,31	3.428	30,14	Grupo 4	Grupo 4	0,49	0,44	2,70	0,00	7,00
3.693	2,07	17.564	9,82	206.073	1,90	46.356	27,46	Grupo 1	Grupo 1	0,55	0,52	8,30	0,00	0,00
42	1,74	339	14,01	1.384	1,72	1.036	29,30	Grupo 3	Grupo 3	0,53	0,54	10,80	0,00	0,00
1.665	2,27	8.565	11,66	52.998	2,27	15.037	27,22	Grupo 1	Grupo 1	0,45	0,45	16,20	2,50	0,00
77	7,06	205	18,81	1.326	0,27	338	30,71	Grupo 4	Grupo 3	0,48	0,41	0,00	0,00	25,20
4.054	5,42	13.867	18,55	53.573	3,28	19.545	28,86	Grupo 2	Grupo 2	0,55	0,47	29,30	1,20	1,40
39	1,04	345	9,20	2.332	1,57	974	29,07	Grupo 3	Grupo 3	0,49	0,40	7,10	0,00	0,00
109	2,37	602	13,09	3.800	3,47	1.344	28,71	Grupo 4	Grupo 3	0,54	0,40	22,10	1,40	0,00
2.189	3,03	9.738	13,47	62.184	3,11	14.727	28,43	Grupo 2	Grupo 2	0,51	0,47	15,20	8,50	0,00
59	3,28	309	17,17	847	0,75	523	29,82	Grupo 4	Grupo 3	0,54	0,38	26,50	0,00	0,00
78	2,48	468	14,89	4.401	2,75	955	29,58	Grupo 3	Grupo 3	0,50	0,37	21,40	0,00	0,00
41	2,25	283	15,51	630	2,21	337	30,29	Grupo 4	Grupo 3	0,51	0,41	12,60	0,00	0,00
20	1,13	184	10,38	789	2,22	365	25,11	Grupo 4	Grupo 4	0,54	0,42	0,00	0,00	3,70
160	2,33	915	13,35	6.317	2,27	1.799	30,50	Grupo 5	Grupo 4	0,48	0,45	10,30	0,00	3,20
132	1,63	947	11,69	5.141	1,00	2.236	28,90	Grupo 3	Grupo 3	0,52	0,42	3,00	0,00	0,00
219	9,33	591	25,17	1.154	1,69	685	34,08	Grupo 5	Grupo 5	0,57	0,44	21,60	0,00	28,50
101	2,65	629	16,49	2.811	1,83	904	28,48	Grupo 3	Grupo 3	0,50	0,40	8,40	0,00	4,80
23	2,71	117	13,80	500	1,70	325	30,18	Grupo 3	Grupo 3	0,45	0,51	0,00	0,00	0,00
478	2,74	2.392	13,73	10.851	1,81	4.432	29,95	Grupo 3	Grupo 3	0,54	0,46	17,80	0,00	0,40
353	5,14	1.479	21,52	4.957	2,21	2.597	29,99	Grupo 3	Grupo 4	0,58	0,48	20,80	0,00	1,40
139	9,75	486	34,11	1.499	0,59	214	31,12	Grupo 5	Grupo 5	0,62	0,43	13,10	0,00	39,40
104	5,14	429	21,21	827	0,74	494	30,42	Grupo 5	Grupo 5	0,45	0,40	7,50	0,00	0,00
138	3,47	577	14,52	6.526	1,04	1.238	28,96	Grupo 4	Grupo 4	0,48	0,54	20,60	0,00	0,00
873	2,68	3.903	12,00	32.191	2,43	8.790	29,81	Grupo 3	Grupo 4	0,52	0,47	17,60	0,00	0,00
2.117	2,53	9.062	10,81	88.504	1,85	20.309	28,18	Grupo 1	Grupo 1	0,57	0,51	10,60	0,00	0,90
101	7,29	383	27,63	710	1,69	342	33,15	Grupo 4	Grupo 5	0,57	0,48	0,00	0,00	7,00
387	5,83	1.274	19,19	4.703	2,90	1.868	30,03	Grupo 4	Grupo 5	0,66	0,47	20,60	0,00	15,30
54	2,00	335	12,41	1.165	1,10	450	29,88	Grupo 3	Grupo 4	0,44	0,45	26,30	0,00	0,00
159	1,38	1.052	9,15	14.421	2,95	2.441	29,04	Grupo 3	Grupo 3	0,53	0,48	3,10	0,00	0,60
47	5,36	183	20,87	405	0,27	198	31,63	Grupo 4	Grupo 4	0,47	0,46	0,00	0,00	7,10
37	4,71	133	16,94	232	1,61	235	31,99	Grupo 3	Grupo 4	0,41	0,39	11,40	0,00	0,00
42	1,43	337	11,44	1.913	3,59	632	29,45	Grupo 4	Grupo 4	0,47	0,45	16,90	0,00	0,00
28	6,03	74	15,95	361	1,54	97	30,90	Grupo 2	Grupo 2	0,47	0,40	0,00	0,00	0,00
450	4,23	1.453	13,67	4.769	2,19	2.640	25,90	Grupo 5	Grupo 5	0,55	0,53	12,90	0,00	3,00
41	2,20	251	13,44	612	1,24	566	30,92	Grupo 4	Grupo 4	0,50	0,41	0,00	0,00	0,00
46	2,44	266	14,08	641	2,74	364	29,97	Grupo 3	Grupo 3	0,46	0,39	0,00	0,00	0,00
507	2,43	2.814	13,51	16.176	2,75	6.440	30,47	Grupo 4	Grupo 4	0,56	0,54	6,80	0,00	0,00
49	1,07	483	10,58	2.337	0,66	963	27,00	Grupo 4	Grupo 4	0,54	0,49	0,00	0,00	0,00
14	1,99	79	11,24	349	0,00	244	31,26	Grupo 3	Grupo 3	0,46	0,35	0,00	0,00	0,00
9	1,27	75	10,56	365	2,96	137	30,25	Grupo 3	Grupo 4	0,44	0,39	0,00	0,00	0,00
48	2,99	261	16,28	1.535	0,39	257	29,96	Grupo 2	Grupo 1	0,42	0,35	17,30	0,00	0,00
1.333	5,32	4.259	16,99	16.219	2,33	6.016	28,69	Grupo 5	Grupo 4	0,57	0,58	32,70	0,00	0,50
59	4,10	238	16,53	932	1,17	146	31,76	Grupo 3	Grupo 3	0,47	0,42	0,00	0,00	0,00
82	2,64	424	13,63	1.379	1,81	594	29,66	Grupo 3	Grupo 3	0,47	0,40	0,00	0,00	0,00
6	1,18	65	12,77	263	3,01	162	31,46	Grupo 4	Grupo 4	0,42	0,35	0,00	0,00	0,00
84	2,78	436	14,41	1.355	0,00	906	30,20	Grupo 3	Grupo 4	0,51	0,46	0,00	0,00	0,00
12	2,74	86	19,63	282	4,68	116	29,54	Grupo 5	Grupo 4	0,47	0,39	0,00	0,00	0,00
38	0,90	400	9,43	2.683	0,92	1.003	29,47	Grupo 3	Grupo 3	0,53	0,43	0,00	0,00	0,00
55	1,55	403	11,34	3.541	1,20	870	27,72	Grupo 3	Grupo 3	0,47	0,36	8,70	0,00	0,00
224	0,67	1.734	5,16	42.746	2,82	5.770	26,28	Grupo 1	Grupo 1	0,54	0,54	0,70	0,00	0,00
210	3,40	897	14,54	5.637	1,97	1.386	27,07	Grupo 4	Grupo 4	0,54	0,45	28,40	0,00	0,00
75	2,70	413	14,89	1.038	1,89	542	29,76	Grupo 4	Grupo 4	0,48	0,38	6,60	0,00	0,00
318	2,57	1.713	13,85	8.321	1,18	3.269	30,04	Grupo 4	Grupo 4	0,47	0,42	11,70	0,00	2,40
357	2,85	1.573	12,54	11.427	2,80	2.865	29,32	Grupo 2	Grupo 1	0,51	0,50	22,10	0,00	0,00
729	2,31	3.856	12,20	17.809	3,09	6.772	27,57	Grupo 2	Grupo 2	0,42	0,39	12,30	4,30	0,00
97	2,94	492	14,90	1.254	0,98	840	31,45	Grupo 3	Grupo 3	0,51	0,45	0,00	0,00	3,90
150	0,77	1.028	5,31	37.419	2,55	3.136	26,99	Grupo 1	Grupo 1	0,55	0,53	0,00	0,00	0,00
125	2,32	615	11,42	3.130	1,55	1.139	29,58	Grupo 4	Grupo 5	0,49	0,40	15,30	0,00	0,00
19	0,91	146	7,00	3.528	0,00	408	27,05	Grupo 1	Grupo 1	0,55	0,35	0,00	0,00	0,00
11	1,97	75	13,44	186	1,71	98	29,23	Grupo 4	Grupo 5	0,45	0,35	0,00	0,00	0,00
870	2,72	3.807	11,91	19.335	2,16	7.648	28,42	Grupo 2	Grupo 2	0,47	0,40	13,20	2,80	0,00
404	1,39	2.573	8,83	25.048	1,24	7.164	27,52	Grupo 3	Grupo 3	0,57	0,49	6,10	0,00	0,00
13	1,63	113	14,14	656	1,52	130	29,77	Grupo 5	Grupo 4	0,40	0,39	0,00	0,00	0,00
