5.331	15,7	6.901	20,4	129,45	0,56
562	16,2	687	19,7	122,24	0,56
7.032	20,3	4.715	13,6	67,05	0,51
1.215	15,7	1.610	20,8	132,51	0,57
3.420	18,9	3.047	16,9	89,09	0,56
1.135	19,5	1.016	17,4	89,52	0,58
433	14,4	744	24,8	171,82	0,64
7.077	19,8	4.993	14,0	70,55	0,51
1.117	20,3	741	13,4	66,34	0,51
583	14,9	866	22,1	148,54	0,59
794	20,0	507	12,8	63,85	0,49
2.746	17,7	2.763	17,8	100,62	0,55
617	15,2	927	22,9	150,24	0,62
3.823	21,7	1.995	11,3	52,18	0,49
461	12,5	933	25,2	202,39	0,60
4.263	18,0	3.908	16,5	91,67	0,53
813	16,5	540	11,0	66,42	0,38
681	21,8	465	14,9	68,28	0,58
37.981	16,7	35.492	15,6	93,45	0,48
8.176	21,2	3.867	10,0	47,30	0,45
898	15,7	1.162	20,3	129,40	0,56
11.382	16,6	11.581	16,9	101,75	0,50
901	19,2	736	15,7	81,69	0,54
9.653	17,3	9.958	17,8	103,16	0,54
4.806	20,2	3.390	14,2	70,54	0,52
1.332	20,9	872	13,7	65,47	0,53
698	17,9	625	16,0	89,54	0,51
6.748	19,0	5.405	15,2	80,10	0,52
644	15,3	963	22,8	149,53	0,61
5.345	21,7	3.376	13,7	63,16	0,55
4.814	24,2	1.870	9,4	38,85	0,51
31.517	16,8	31.995	17,0	101,52	0,51
6.103	19,8	4.582	14,8	75,08	0,53
948	17,5	897	16,6	94,62	0,52
1.180	19,2	938	15,3	79,49	0,53
478	19,3	399	16,1	83,47	0,55
37.122	16,7	36.376	16,3	97,99	0,49
22.073	17,3	19.176	15,0	86,88	0,48
304	16,5	379	20,6	124,67	0,59
1.359	16,8	1.660	20,5	122,15	0,59
829	21,9	510	13,5	61,52	0,55
2.361	22,0	1.158	10,8	49,05	0,49
1.676	18,4	1.357	14,9	80,97	0,50
9.794	19,5	5.954	11,8	60,79	0,46
18.784	22,0	9.181	10,8	48,88	0,49
270	15,2	372	20,9	137,78	0,57
17.434	17,5	16.539	16,6	94,87	0,52
26.887	19,8	19.866	14,6	73,89	0,52
2.275	15,8	2.614	18,1	114,90	0,51
1.003	19,3	774	14,9	77,17	0,52
2.323	19,6	1.380	11,6	59,41	0,45
16.484	19,1	13.122	15,2	79,60	0,52
2.709	17,0	2.272	14,3	83,87	0,46
247	6,7	283	7,7	114,57	0,17
1.325	15,7	1.599	19,0	120,68	0,53
2.102	20,0	1.745	16,6	83,02	0,58
661	20,0	576	17,4	87,14	0,60
1.441	20,4	1.032	14,6	71,62	0,54
6.011	18,0	5.592	16,8	93,03	0,53
5.526	15,8	5.995	17,1	108,49	0,49
1.238	22,8	733	13,5	59,21	0,57
1.858	24,2	1.217	15,9	65,50	0,67
20.578	17,7	18.566	15,9	90,22	0,51
7.098	22,8	2.876	9,2	40,52	0,47
60.518	23,5	25.100	9,7	41,48	0,50
3.914	19,3	3.208	15,8	81,96	0,54
10.421	17,6	9.754	16,5	93,60	0,52
63.950	17,8	56.360	15,7	88,13	0,50
12.939	17,4	12.650	17,0	97,77	0,52
543	18,9	414	14,4	76,24	0,50
1.999	18,5	2.061	19,1	103,10	0,60
14.238	24,3	5.411	9,2	38,00	0,50
1.141	15,0	1.394	18,3	122,17	0,50
19.914	16,9	17.803	15,1	89,40	0,47
6.748	21,6	4.040	13,0	59,87	0,53
2.961	20,7	1.836	12,8	62,01	0,50
2.224	18,9	1.668	14,2	75,00	0,49
2.138	20,1	1.795	16,9	83,96	0,59
10.992	20,1	6.560	12,0	59,68	0,47
4.688	20,4	2.659	11,6	56,72	0,47
973	25,8	366	9,7	37,62	0,55
136	16,8	109	13,5	80,15	0,43
936	20,3	681	14,8	72,76	0,54
2.603	17,2	2.566	17,0	98,58	0,52
530	21,2	323	12,9	60,94	0,52
25.557	18,6	21.298	15,5	83,34	0,52
29.280	18,4	23.367	14,7	79,81	0,49
933	17,3	951	17,6	101,93	0,54
467	17,2	418	15,4	89,51	0,48
4.219	18,2	3.350	14,5	79,40	0,48
4.531	19,5	3.400	14,6	75,04	0,52
4.860	25,2	2.332	12,1	47,98	0,59
2.869	17,6	2.696	16,6	93,97	0,52
752	17,8	755	17,8	100,40	0,55
851	19,7	633	14,7	74,38	0,52
10.434	22,2	4.659	9,9	44,65	0,47
17.586	19,7	12.719	14,2	72,32	0,51
6.035	19,1	4.848	15,3	80,33	0,52
3.628	19,3	3.214	17,1	88,59	0,57
3.166	18,6	2.901	17,0	91,63	0,55
741	18,1	725	17,7	97,84	0,56
19.764	20,5	10.207	10,6	51,64	0,45
912	16,8	897	16,5	98,36	0,50
16.635	22,6	6.473	8,8	38,91	0,46
6.861	23,9	3.579	12,5	52,16	0,57
1.660	16,6	1.683	16,8	101,39	0,50
5.115	20,5	3.549	14,2	69,38	0,53
1.196	20,8	857	14,9	71,66	0,56
204.126	17,7	172.628	15,0	84,57	0,49
16.416	20,4	9.811	12,2	59,76	0,49
10.679	21,6	5.651	11,4	52,92	0,49
955	20,2	778	16,4	81,47	0,58
2.734	22,3	1.884	15,4	68,91	0,60
1.138	23,4	541	11,1	47,54	0,53
5.435	18,1	5.071	16,9	93,30	0,54
410	15,3	570	21,3	139,02	0,58
1.143	23,8	511	10,7	44,71	0,53
10.116	21,9	6.377	13,8	63,04	0,55
4.095	20,9	2.360	12,0	57,63	0,49
10.733	20,4	6.602	12,6	61,51	0,49
23.227	20,8	14.936	13,4	64,30	0,52
87.095	22,5	44.050	11,4	50,58	0,51
2.016	17,2	2.343	19,9	116,22	0,59
5.227	17,9	4.684	16,1	89,61	0,52
440	17,4	470	18,6	106,82	0,56
3.862	19,4	2.951	14,8	76,41	0,52
19.109	16,5	20.279	17,5	106,12	0,51
1.329	17,9	1.102	14,9	82,92	0,49
1.373	16,0	1.597	18,6	116,31	0,53
3.768	20,1	2.800	15,0	74,31	0,54
7.995	17,9	6.218	14,0	77,77	0,47
3.257	19,4	2.275	13,5	69,85	0,49
3.259	19,9	2.164	13,2	66,40	0,49
2.530	20,8	1.944	15,9	76,84	0,58
1.729	21,7	952	11,9	55,06	0,51
3.156	18,0	2.766	15,8	87,64	0,51
1.208	20,0	831	13,8	68,79	0,51
5.654	21,2	3.287	12,3	58,14	0,50
3.434	20,3	2.803	16,6	81,62	0,59
4.512	19,3	3.128	13,4	69,33	0,48
1.009	17,6	877	15,3	86,92	0,49
948	19,5	811	16,6	85,55	0,56
724	18,4	615	15,6	84,94	0,52
13.635	20,2	7.627	11,3	55,94	0,46
1.057	15,0	1.582	22,4	149,67	0,60
51.686	22,1	24.067	10,3	46,56	0,48
6.380	19,0	4.629	13,8	72,55	0,49
1.578	19,3	1.162	14,2	73,64	0,50
357	16,5	392	18,2	109,80	0,53
15.486	19,6	12.143	15,3	78,41	0,54
26.943	21,4	13.439	10,7	49,88	0,47
3.994	18,4	3.588	16,5	89,83	0,54
5.384	16,8	5.336	16,7	99,11	0,50
85.507	21,4	41.630	10,4	48,69	0,47
275	16,1	361	21,1	131,27	0,59
1.812	16,5	2.098	19,1	115,78	0,55
1.895	22,0	931	10,8	49,13	0,49
5.637	21,4	3.865	14,7	68,56	0,57
321	15,6	443	21,5	138,01	0,59
1.414	16,6	1.594	18,7	112,73	0,55
7.031	15,8	8.446	19,0	120,13	0,53
2.058	17,1	2.340	19,4	113,70	0,57
1.676	18,2	1.152	12,5	68,74	0,44
1.209	19,4	1.125	18,0	93,05	0,60
3.652	24,4	2.079	13,9	56,93	0,62
3.311	19,6	2.091	12,4	63,15	0,47
554	16,3	547	16,1	98,74	0,48
420	17,4	429	17,8	102,14	0,54
60.934	23,3	25.128	9,6	41,24	0,49
14.206	21,4	7.998	12,0	56,30	0,50
497	16,2	584	19,1	117,51	0,55
4.216	22,0	1.647	8,6	39,07	0,44
7.200	17,0	7.176	16,9	99,67	0,51
1.019	22,0	553	11,9	54,27	0,51
2.008	18,6	1.401	13,0	69,77	0,46
518	19,5	377	14,2	72,78	0,51
1.337	16,4	1.542	19,0	115,33	0,55
1.995	21,0	1.322	13,9	66,27	0,54
2.930	18,9	2.684	17,3	91,60	0,57
879	15,8	1.168	21,0	132,88	0,58
10.314	15,7	12.564	19,1	121,82	0,53
290	17,9	296	18,2	102,07	0,57
41.262	22,2	17.780	9,6	43,09	0,47
238	14,6	363	22,3	152,52	0,59
358	12,4	719	24,8	200,84	0,59
2.119	17,2	1.938	15,7	91,46	0,49
497	18,2	522	19,1	105,03	0,60
65.319	19,5	47.614	14,2	72,89	0,51
40.175	23,9	15.608	9,3	38,85	0,50
31.173	21,3	14.741	10,1	47,29	0,46
403	15,0	562	20,9	139,45	0,56
1.102	16,5	1.323	19,9	120,05	0,57
7.647	17,9	7.480	17,5	97,82	0,55
887	19,2	686	14,9	77,34	0,52
906	19,9	565	12,4	62,36	0,48
1.742	16,3	1.984	18,6	113,89	0,54
1.837	17,0	1.673	15,5	91,07	0,48
901	19,2	800	17,0	88,79	0,57
2.335	20,2	1.550	13,4	66,38	0,51
1.123	20,4	869	15,8	77,38	0,57
6.941	18,0	5.865	15,2	84,50	0,50
3.366	16,8	3.009	15,0	89,39	0,47
3.921	22,1	2.585	14,6	65,93	0,58
4.494	21,9	2.756	13,4	61,33	0,55
1.438	17,1	1.682	20,0	116,97	0,59
2.170	20,3	1.536	14,4	70,78	0,53
329	17,0	381	19,7	115,81	0,58
1.331	20,6	949	14,7	71,30	0,55
5.754	18,2	5.342	16,9	92,84	0,54
5.817	20,5	3.783	13,4	65,03	0,51
21.573	18,5	18.303	15,7	84,84	0,52
2.415	15,7	1.770	11,5	73,29	0,37
7.980	21,0	4.268	11,2	53,48	0,48
66.146	21,4	36.156	11,7	54,66	0,50
283.846	21,6	140.991	10,7	49,67	0,48
1.497	20,5	1.063	14,6	71,01	0,54
957	19,1	799	16,0	83,49	0,54
1.794	19,7	1.348	14,8	75,14	0,53
2.766	20,3	1.576	11,6	56,98	0,47
43.385	19,8	21.949	10,0	50,59	0,43
2.006	18,3	1.682	15,4	83,85	0,51
1.158	18,3	1.176	18,6	101,55	0,59
1.195	17,8	756	11,2	63,26	0,41
7.074	21,1	3.615	10,8	51,10	0,47
2.075	17,7	2.038	17,4	98,22	0,54
1.407	19,3	1.076	14,8	76,47	0,52
10.239	18,0	8.364	14,7	81,69	0,48
15.627	20,9	9.976	13,3	63,84	0,52
1.635	20,8	1.069	13,6	65,38	0,52
1.479	18,9	1.360	17,4	91,95	0,57
4.680	19,6	3.010	12,6	64,32	0,47
5.463	18,8	4.484	15,4	82,08	0,52
1.890	20,6	1.395	15,2	73,81	0,56
5.937	20,3	5.088	17,4	85,70	0,61
1.955	19,7	2.011	20,3	102,86	0,67
4.073	15,9	4.725	18,5	116,01	0,52
7.006	21,9	3.253	10,2	46,43	0,47
42.946	18,5	29.520	12,7	68,74	0,45
828	17,3	831	17,3	100,36	0,53
642	16,6	859	22,2	133,80	0,64
671	17,6	632	16,6	94,19	0,52
2.896	20,3	2.087	14,6	72,06	0,54
6.543	20,1	3.441	10,5	52,59	0,44
1.443	20,4	842	11,9	58,35	0,48
859	17,1	866	17,3	100,81	0,52
1.011	23,2	596	13,7	58,95	0,58
3.181	20,7	1.816	11,8	57,09	0,48
4.221	18,6	2.844	12,6	67,38	0,45
1.366	18,0	1.212	15,9	88,73	0,51
975	13,1	1.400	18,8	143,59	0,47
3.568	20,2	2.711	15,4	75,98	0,55
5.261	20,4	3.192	12,4	60,67	0,49
2.192	15,0	2.971	20,3	135,54	0,55
627	17,7	575	16,2	91,71	0,51
20.858	21,9	15.815	16,6	75,82	0,63
629	19,7	555	17,4	88,24	0,59
37.696	22,9	15.624	9,5	41,45	0,48
31.526	20,3	20.603	13,3	65,35	0,50
19.929	22,0	11.203	12,4	56,21	0,53
54.023	23,9	19.352	8,6	35,82	0,48
11.331	16,0	12.060	17,0	106,43	0,49
1.008	24,7	508	12,5	50,40	0,59
6.819	16,6	6.989	17,0	102,49	0,51
3.098	21,2	2.471	16,9	79,76	0,61
2.650	19,9	1.851	13,9	69,85	0,51
874	18,4	719	15,1	82,27	0,50
83.260	23,4	31.027	8,7	37,27	0,47
10.157	20,9	6.841	14,1	67,35	0,54
3.750	22,4	2.191	13,1	58,43	0,55
20.464	18,1	15.251	13,5	74,53	0,46
4.663	23,6	2.154	10,9	46,19	0,53
2.828	17,0	1.912	11,5	67,61	0,40
1.268	20,6	918	14,9	72,40	0,55
1.371	18,1	1.181	15,6	86,14	0,51
32.650	19,8	21.449	13,0	65,69	0,49
11.786	21,5	5.411	9,9	45,91	0,46
7.128	17,9	6.736	16,9	94,50	0,53
1.272	19,1	1.038	15,6	81,60	0,53
12.696	17,3	12.141	16,5	95,63	0,51
44.834	20,1	31.409	14,1	70,06	0,52
1.156	17,5	818	12,4	70,76	0,43
3.755	21,9	2.453	14,3	65,33	0,57
10.074	19,3	6.442	12,4	63,95	0,46
7.381	15,6	9.091	19,3	123,17	0,54
1.162	19,4	835	13,9	71,86	0,50
25.513	21,4	11.049	9,3	43,31	0,44
8.301	20,0	5.688	13,7	68,52	0,51
5.761	20,5	3.547	12,6	61,57	0,50
25.867	18,1	21.398	15,0	82,72	0,49
665	21,1	412	13,1	61,95	0,52
2.226	17,9	2.111	17,0	94,83	0,54
873	20,2	527	12,2	60,37	0,48
6.189	17,7	5.250	15,0	84,83	0,48
908	19,9	714	15,6	78,63	0,55
559	17,7	418	13,2	74,78	0,45
70.929	17,9	62.618	15,8	88,28	0,51
3.212	16,3	3.472	17,7	108,09	0,51
4.108	21,8	2.940	15,6	71,57	0,60
6.795	22,8	3.717	12,4	54,70	0,54
823	17,1	946	19,6	114,95	0,58
5.069	18,7	4.382	16,2	86,45	0,54
816	9,5	968	11,3	118,63	0,26
1.600	22,9	787	11,3	49,19	0,52
19.572	19,9	12.873	13,1	65,77	0,49
12.314	19,0	8.737	13,5	70,95	0,48
52.091	17,9	42.741	14,7	82,05	0,48
1.340	18,0	1.161	15,6	86,64	0,50
12.815	17,3	12.347	16,7	96,35	0,51
17.162	20,1	13.004	15,2	75,77	0,55
325	15,0	416	19,2	128,00	0,52
9.464	20,9	4.117	9,1	43,50	0,43
3.481	16,8	3.481	16,8	100,00	0,51
430	19,1	433	19,2	100,70	0,62
2.800	20,9	1.290	9,6	46,07	0,44
1.052	19,0	782	14,1	74,33	0,50
909	20,7	701	15,9	77,12	0,58
500	18,9	465	17,6	93,00	0,57
3.400	20,3	2.295	13,7	67,50	0,52
1.173	15,2	1.612	20,8	137,43	0,56
546	15,2	775	21,5	141,94	0,58
486	15,6	678	21,7	139,51	0,59
9.606	21,1	5.848	12,9	60,88	0,52
18.037	19,3	11.390	12,2	63,15	0,46
1.752	18,7	1.528	16,3	87,21	0,54
699	14,3	614	12,5	87,84	0,37
2.534	18,8	2.116	15,7	83,50	0,53
448	15,8	502	17,7	112,05	0,51
713	18,0	694	17,5	97,34	0,55
39.719	17,5	36.933	16,2	92,99	0,51
347	16,5	359	17,1	103,46	0,51
4.434	17,6	3.990	15,8	89,99	0,50
13.842	17,5	11.877	15,0	85,80	0,48
88.575	19,8	49.677	11,1	56,08	0,45
734	14,9	870	17,6	118,53	0,48
595	15,8	709	18,8	119,16	0,53
348	18,4	344	18,2	98,85	0,58
4.382	20,7	2.897	13,7	66,11	0,52
2.442	19,6	1.851	14,9	75,80	0,53
449	15,5	609	21,0	135,63	0,57
4.897	24,5	2.754	13,8	56,24	0,62
4.461	15,7	4.788	16,9	107,33	0,48
3.205	18,2	3.082	17,5	96,16	0,56
9.501	16,8	9.135	16,1	96,15	0,49
825	18,0	796	17,4	96,48	0,55
11.771	17,7	11.384	17,1	96,71	0,53
86.456	20,6	53.334	12,7	61,69	0,50
26.541	18,3	21.294	14,7	80,23	0,49
15.627	17,5	14.518	16,2	92,90	0,51
694	20,9	431	13,0	62,10	0,51
341	15,7	455	21,0	133,43	0,58
10.924	20,9	8.537	16,4	78,15	0,59
1.238	16,3	1.339	17,6	108,16	0,51
7.764	16,2	8.435	17,6	108,64	0,51
3.810	16,5	4.081	17,7	107,11	0,52
3.194	17,4	3.105	16,9	97,21	0,52
589	14,7	865	21,6	146,86	0,57
11.920	21,2	6.212	11,0	52,11	0,47
790	18,1	749	17,2	94,81	0,54
6.870	21,9	3.534	11,3	51,44	0,50
2.529	19,7	1.745	13,6	69,00	0,50
857	18,9	643	14,2	75,03	0,49
600	14,1	929	21,8	154,83	0,56
638	21,5	349	11,8	54,70	0,50
1.006	21,5	575	12,3	57,16	0,51
1.252	18,7	1.355	20,3	108,23	0,64
3.457	19,4	2.737	15,3	79,17	0,53
1.168	13,5	1.863	21,5	159,50	0,54
1.520	14,1	2.341	21,7	154,01	0,56
907	19,0	625	13,1	68,91	0,47
1.074	17,1	1.102	17,5	102,61	0,53
2.236	24,0	873	9,4	39,04	0,50
264	13,3	520	26,2	196,97	0,65
212	18,2	199	17,1	93,87	0,55
2.114	20,5	1.290	12,5	61,02	0,49
3.636	17,8	3.168	15,5	87,13	0,50
341	15,6	471	21,5	138,12	0,59
734	20,7	426	12,0	58,04	0,49
725	18,7	553	14,2	76,28	0,49
9.990	17,8	7.619	13,6	76,27	0,46
1.156	22,0	563	10,7	48,70	0,49
6.871	17,9	6.360	16,6	92,56	0,53
1.252	17,5	1.135	15,9	90,65	0,50
801	19,3	725	17,5	90,51	0,58
460	18,0	555	21,7	120,65	0,66
9.303	18,0	8.846	17,1	95,09	0,54
783	19,0	562	13,6	71,78	0,48
1.061	17,1	1.114	17,9	105,00	0,54
1.317	20,2	661	10,1	50,19	0,43
7.747	18,6	6.051	14,6	78,11	0,50
137.191	20,3	83.266	12,3	60,69	0,48
409	16,2	580	23,0	141,81	0,65
4.655	14,9	6.219	19,9	133,60	0,54
20.887	19,3	17.081	15,8	81,78	0,54
1.655	20,4	1.248	15,4	75,41	0,56
1.722	18,3	1.406	15,0	81,65	0,50
1.765	13,5	2.274	17,4	128,84	0,45
1.953	16,5	2.122	17,9	108,65	0,52
2.521	20,3	1.083	8,7	42,96	0,41
1.395	15,1	2.050	22,2	146,95	0,59
3.867	18,0	4.142	19,3	107,11	0,59
3.131	20,8	2.144	14,3	68,48	0,54
8.263	18,9	6.512	14,9	78,81	0,51
3.724	20,7	2.756	15,3	74,01	0,56
1.099	17,8	1.013	16,4	92,17	0,52
4.025	20,9	2.365	12,3	58,76	0,50
628	16,2	722	18,6	114,97	0,54
1.701	16,0	2.103	19,8	123,63	0,56
1.370	22,3	846	13,8	61,75	0,56
4.075	21,4	2.732	14,4	67,04	0,56
325	15,9	416	20,3	128,00	0,57
2.967	21,1	1.989	14,2	67,04	0,55
1.407	20,4	902	13,1	64,11	0,50
20.169	20,4	10.701	10,8	53,06	0,45
296	16,7	306	17,2	103,38	0,51
1.624	19,0	1.337	15,7	82,33	0,53
8.621	19,4	5.997	13,5	69,56	0,49
1.048	17,7	1.070	18,1	102,10	0,56
370	15,1	547	22,3	147,84	0,60
3.319	20,6	2.316	14,4	69,78	0,54
8.054	17,8	6.276	13,9	77,92	0,46
489	16,4	509	17,0	104,09	0,50
2.371	22,1	1.680	15,7	70,86	0,61
10.541	17,5	10.592	17,6	100,48	0,54
4.749	18,8	4.234	16,8	89,16	0,55
1.593	19,6	1.284	15,8	80,60	0,55
14.823	23,1	10.551	16,4	71,18	0,65
1.017	17,8	938	16,4	92,23	0,52
10.300	19,4	7.989	15,1	77,56	0,53
5.932	21,4	3.881	14,0	65,42	0,55
31.617	19,9	20.933	13,2	66,21	0,49
2.683	16,8	2.744	17,2	102,27	0,52
2.474	17,3	2.611	18,3	105,54	0,55
612	17,3	638	18,1	104,25	0,55
2.500	18,2	2.446	17,8	97,84	0,56
4.771	18,4	4.043	15,6	84,74	0,51
69.221	18,1	58.330	15,2	84,27	0,50
5.298	18,5	5.036	17,6	95,05	0,57
3.637	15,7	3.581	15,5	98,46	0,45
1.704	15,8	2.008	18,6	117,84	0,53
4.081	22,8	1.624	9,1	39,79	0,47
4.946	18,7	3.906	14,8	78,97	0,50
12.711	17,5	12.275	16,9	96,57	0,52
2.252	17,5	2.161	16,8	95,96	0,52
8.177	21,7	4.295	11,4	52,53	0,50
1.083	21,8	623	12,6	57,53	0,52
733	21,5	515	15,1	70,26	0,58
24.483	21,7	13.182	11,7	53,84	0,50
974	17,4	1.074	19,2	110,27	0,58
3.572	17,1	3.384	16,2	94,74	0,50
487	14,4	726	21,5	149,08	0,56
10.234	21,8	3.934	8,4	38,44	0,43
865	19,8	620	14,2	71,68	0,51
446	17,7	483	19,1	108,30	0,58
650	16,0	857	21,1	131,85	0,59
1.598	17,7	1.701	18,8	106,45	0,58
9.585	18,8	7.198	14,1	75,10	0,49
10.009	18,8	8.073	15,1	80,66	0,51
3.872	19,1	1.873	9,2	48,37	0,39
2.742	16,8	2.857	17,5	104,19	0,52
312	10,8	273	9,4	87,50	0,25
4.006	20,1	2.346	11,8	58,56	0,47
62.373	20,7	42.630	14,2	68,35	0,54
1.038	20,8	564	11,3	54,34	0,47
715	17,7	713	17,6	99,72	0,55
2.047	15,0	2.755	20,1	134,59	0,54
8.201	19,5	6.295	15,0	76,76	0,53
38.291	17,6	35.375	16,3	92,38	0,51
6.059	15,9	6.768	17,8	111,70	0,51
7.620	19,8	5.601	14,6	73,50	0,52
675	18,9	584	16,4	86,52	0,54
2.775	20,4	1.870	13,8	67,39	0,52
655	20,9	373	11,9	56,95	0,49
2.501	20,4	1.520	12,4	60,78	0,49
1.120	17,6	1.054	16,6	94,11	0,52
1.802	20,4	1.254	14,2	69,59	0,53
5.305	18,4	4.700	16,3	88,60	0,53
740	19,3	704	18,3	95,14	0,60
3.376	17,6	3.115	16,2	92,27	0,51
941	13,0	974	13,5	103,51	0,36
11.432	21,1	7.791	14,4	68,15	0,55
1.724	23,9	812	11,2	47,10	0,54
701	21,5	603	18,5	86,02	0,67
2.765	21,8	1.748	13,8	63,22	0,55
4.133	23,3	2.074	11,7	50,18	0,54
977	21,5	588	12,9	60,18	0,52
751	17,2	826	18,9	109,99	0,56
328	15,2	462	21,5	140,85	0,58
1.553	20,8	1.091	14,6	70,25	0,55
21.387	18,2	17.105	14,6	79,98	0,49
117.004	17,7	98.642	14,9	84,31	0,48
597	17,3	615	17,8	103,02	0,54
2.134	20,4	1.505	14,4	70,52	0,53
1.664	17,0	1.986	20,3	119,35	0,60
34.210	17,4	30.638	15,6	89,56	0,49
6.660	20,2	3.722	11,3	55,89	0,46
10.064	20,9	5.014	10,4	49,82	0,46
2.135	19,1	1.353	12,1	63,37	0,45
1.202	20,7	1.070	18,4	89,02	0,64
3.559	19,0	2.807	15,0	78,87	0,52
2.153	20,8	1.273	12,3	59,13	0,50
557	18,6	394	13,1	70,74	0,46
450	15,2	676	22,9	150,22	0,62
1.011	18,7	1.023	18,9	101,19	0,60
415	17,5	457	19,3	110,12	0,58
1.067	18,1	1.063	18,1	99,63	0,57
1.962	17,4	1.836	16,3	93,58	0,51
3.651	22,2	2.298	14,0	62,94	0,57
907	18,1	855	17,0	94,27	0,54
1.170	15,3	1.327	17,3	113,42	0,48
20.865	18,6	14.826	13,2	71,06	0,46
8.774	20,4	5.891	13,7	67,14	0,52
1.830	20,3	1.538	17,1	84,04	0,60
874	21,5	483	11,9	55,26	0,50
2.657	18,0	2.388	16,2	89,88	0,52
816	14,3	1.216	21,4	149,02	0,56
32.311	17,3	27.048	14,5	83,71	0,47
2.634	18,7	2.249	16,0	85,38	0,53
319	15,7	424	20,8	132,92	0,58
687	16,2	783	18,4	113,97	0,53
401	19,6	351	17,2	87,53	0,58
6.553	20,1	4.216	12,9	64,34	0,49
8.761	19,3	7.672	16,9	87,57	0,57
1.089	19,7	658	11,9	60,42	0,46
4.726	15,6	5.759	19,0	121,86	0,53
5.190	20,9	2.398	9,7	46,20	0,44
11.113	20,7	7.218	13,4	64,95	0,52
1.802	21,3	1.015	12,0	56,33	0,50
1.299	21,9	722	12,2	55,58	0,52
530	18,8	478	17,0	90,19	0,56
4.231	16,0	5.574	21,1	131,74	0,59
328	13,4	629	25,7	191,77	0,64
4.472	17,8	4.029	16,1	90,09	0,51
196	13,6	337	23,3	171,94	0,59
190	12,3	428	27,7	225,26	0,67
27.339	21,1	13.628	10,5	49,85	0,46
3.551	17,6	3.732	18,5	105,10	0,56
121.167	17,6	112.478	16,3	92,83	0,51
1.135	17,4	1.179	18,0	103,88	0,55
4.367	19,7	2.831	12,7	64,83	0,48
1.416	17,5	1.152	14,3	81,36	0,47
1.003	17,1	1.074	18,4	107,08	0,55
1.321	20,1	952	14,5	72,07	0,53
501	17,1	551	18,9	109,98	0,56
916	20,1	623	13,7	68,01	0,51
69.142	16,2	90.281	21,2	130,57	0,60
1.839	17,5	1.878	17,9	102,12	0,55
150.367	18,8	107.313	13,4	71,37	0,48
22.155	14,7	32.672	21,7	147,47	0,57
41.051	17,3	36.614	15,5	89,19	0,49
445	16,4	592	21,8	133,03	0,62
14.126	16,4	15.160	17,6	107,32	0,51
407	16,3	450	18,0	110,57	0,52
312	17,0	338	18,4	108,33	0,55
277	13,7	496	24,6	179,06	0,62
9.224	18,7	7.314	14,9	79,29	0,51
1.928	22,4	1.124	13,0	58,30	0,55
830	20,4	646	15,9	77,83	0,57
9.190	17,4	9.402	17,8	102,31	0,54
72.795	16,6	71.340	16,3	98,00	0,49
136.832	19,9	89.515	13,0	65,42	0,49
3.055	20,3	1.901	12,6	62,23	0,49
1.912	18,2	1.846	17,6	96,55	0,56
7.463	19,0	5.864	15,0	78,57	0,52
6.835	21,5	4.350	13,7	63,64	0,54
2.255.957	19,3	1.676.101	14,3	74,30	0,51
5.942	17,7	5.879	17,6	98,94	0,55
1.498	20,5	1.175	16,1	78,44	0,58
15.484	18,2	12.823	15,1	82,81	0,50
18.123	21,8	8.647	10,4	47,71	0,47
2.180	18,2	1.955	16,3	89,68	0,53
2.745	18,7	2.453	16,7	89,36	0,55
71.297	20,4	48.296	13,8	67,74	0,52
2.008	20,5	1.357	13,9	67,58	0,52
758	20,8	602	16,6	79,42	0,60
487	15,1	607	18,8	124,64	0,51
2.097	17,5	1.300	10,9	61,99	0,40
4.467	16,4	5.279	19,4	118,18	0,56
9.290	21,7	4.308	10,1	46,37	0,47
22.945	19,3	15.154	12,7	66,04	0,47
2.977	23,5	1.923	15,2	64,60	0,63
3.323	20,0	1.959	11,8	58,95	0,46
1.228	20,2	946	15,6	77,04	0,56
6.383	16,7	7.410	19,4	116,09	0,56
119.192	18,7	85.071	13,3	71,37	0,47
1.486	19,5	1.134	14,8	76,31	0,52
54.982	20,3	29.671	10,9	53,96	0,45
746	19,7	581	15,3	77,88	0,54
60.543	21,4	32.202	11,4	53,19	0,49
1.967	16,7	2.084	17,7	105,95	0,53
2.976	19,2	2.125	13,7	71,40	0,49
60.656	22,3	28.002	10,3	46,17	0,48
1.112	18,7	894	15,0	80,40	0,51
2.750	21,8	1.499	11,9	54,51	0,51
1.055	17,6	977	16,3	92,61	0,51
831	13,2	1.082	17,1	130,20	0,43
4.404	19,4	3.690	16,3	83,79	0,56
4.012	16,2	4.610	18,6	114,91	0,53
1.761	22,7	1.097	14,2	62,29	0,58
2.167	17,2	2.029	16,1	93,63	0,50
500	18,3	457	16,7	91,40	0,54
10.073	18,5	8.797	16,2	87,33	0,53
4.641	20,2	3.415	14,9	73,58	0,54
1.311	23,6	561	10,1	42,79	0,51
1.451	20,5	886	12,5	61,06	0,49
3.025	21,2	1.629	11,4	53,85	0,49
23.705	20,4	15.794	13,6	66,63	0,51
56.900	19,0	41.723	13,9	73,33	0,49
1.068	22,7	683	14,5	63,95	0,59
4.585	20,7	2.843	12,9	62,01	0,51
1.752	19,6	1.326	14,8	75,68	0,53
7.473	18,8	5.890	14,8	78,82	0,50
454	17,6	511	19,8	112,56	0,60
402	17,5	441	19,2	109,70	0,58
1.578	16,4	1.757	18,3	111,34	0,53
321	19,4	254	15,4	79,13	0,53
7.794	17,5	5.561	12,5	71,35	0,43
868	15,7	1.162	21,1	133,87	0,58
1.031	16,2	1.239	19,4	120,17	0,55
10.373	16,5	12.448	19,8	120,00	0,57
1.844	12,5	3.085	20,8	167,30	0,50
279	14,5	454	23,6	162,72	0,62
233	12,6	468	25,3	200,86	0,61
1.247	21,4	691	11,8	55,41	0,50
17.448	20,3	10.410	12,1	59,66	0,48
930	20,2	777	16,9	83,55	0,59
1.549	16,1	1.818	18,9	117,37	0,54
342	20,1	267	15,7	78,07	0,56
1.342	15,5	1.813	20,9	135,10	0,57
202	16,6	238	19,6	117,82	0,57
2.057	15,8	2.558	19,6	124,36	0,55
2.177	17,7	1.784	14,5	81,95	0,48
20.075	16,7	17.618	14,6	87,76	0,46
4.376	18,6	2.912	12,4	66,54	0,45
1.654	17,1	1.609	16,7	97,28	0,51
8.053	19,7	6.256	15,3	77,69	0,54
11.181	22,4	5.482	11,0	49,03	0,50
24.614	21,1	12.756	10,9	51,82	0,47
1.888	17,8	1.956	18,5	103,60	0,57
13.272	18,0	10.104	13,7	76,13	0,47
3.423	19,0	2.734	15,1	79,87	0,52
1.392	18,1	985	12,8	70,76	0,45
291	16,6	322	18,3	110,65	0,54
23.805	20,4	14.274	12,2	59,96	0,49
14.249	15,9	15.557	17,3	109,18	0,50
422	16,9	443	17,7	104,98	0,53
