10	10	9	5	5	4	2	2	2	0	1	0	1	1	1	1	1	1	0	0	0	226	213	204	375	396	393
8	8	6	2	2	1	1	1	1	0	2	0	1	1	1	0	0	0	0	0	0	21	18	19	19	17	19
8	11	8	2	2	2	2	2	2	0	2	0	1	1	1	0	0	0	0	0	0	167	174	178	312	327	333
7	7	7	2	3	3	2	2	2	0	2	1	1	1	1	0	0	0	0	0	0	78	79	80	50	49	47
11	9	9	4	5	4	1	1	1	1	4	3	1	1	1	0	0	0	0	0	0	129	130	127	145	157	160
7	6	7	3	3	2	1	1	1	0	0	0	1	1	1	0	0	0	0	0	0	40	37	38	40	45	47
7	6	6	0	0	0	0	0	0	0	0	0	1	1	1	0	0	0	0	0	0	48	50	44	31	27	26
18	17	13	10	9	7	5	5	5	0	2	1	1	1	1	1	1	1	0	0	0	316	327	334	424	445	460
4	4	4	3	3	3	0	0	0	0	1	1	1	1	1	0	0	0	0	0	0	20	22	23	40	41	42
5	5	5	2	2	1	0	0	0	0	0	0	1	1	1	0	0	0	0	0	0	19	20	18	28	28	33
5	6	5	2	2	1	1	0	0	0	0	0	1	1	1	0	0	0	0	0	0	39	42	43	55	57	57
4	6	5	3	3	2	2	2	2	1	1	1	1	1	1	0	0	0	0	0	0	121	118	115	181	184	187
5	5	5	3	3	2	0	0	0	0	0	0	1	1	1	0	0	0	0	0	0	24	27	22	35	38	38
6	5	11	4	3	3	1	1	1	2	2	7	1	1	1	0	0	0	0	0	0	65	64	63	92	89	91
12	9	7	2	4	3	0	0	0	0	0	0	1	1	1	0	0	0	0	0	0	31	35	38	71	74	74
12	11	11	4	4	2	2	2	2	0	0	0	2	2	2	1	1	1	0	0	0	174	182	185	160	166	170
3	3	3	3	3	2	0	1	1	0	0	0	1	1	1	0	0	0	0	0	0	16	13	14	19	21	20
4	5	3	2	2	1	0	0	0	0	2	0	0	1	1	0	0	0	0	0	0	13	15	14	51	52	54
26	48	48	7	5	5	8	8	8	1	7	6	5	5	5	1	1	1	0	0	0	1.491	1.512	1.499	819	914	947
9	11	11	6	5	4	2	2	2	2	3	3	1	1	1	0	0	0	0	0	0	153	156	151	251	243	244
8	5	6	2	2	1	0	0	0	0	0	0	1	1	1	0	0	0	0	0	0	73	84	87	88	92	96
25	21	22	5	6	6	6	6	6	9	4	2	2	2	2	1	1	1	0	0	0	346	425	484	335	394	465
6	5	5	1	1	1	1	1	1	0	0	0	1	1	1	0	0	0	0	0	0	50	47	45	27	26	26
8	10	9	4	4	3	3	3	2	0	1	0	2	3	3	1	1	1	0	0	0	600	592	600	709	739	753
7	7	6	2	2	1	1	1	1	0	2	1	1	1	1	0	0	0	0	0	0	96	98	96	532	564	580
7	5	4	2	2	1	1	1	1	0	0	1	1	1	1	0	0	0	0	0	0	21	20	22	57	55	54
4	4	4	2	2	0	1	1	1	0	0	0	1	1	1	0	0	0	0	0	0	17	15	15	49	47	48
31	32	26	4	4	3	4	4	4	0	13	8	3	3	3	1	1	1	0	0	0	508	581	600	512	576	597
5	6	7	2	2	1	1	1	1	0	0	0	1	1	1	0	0	0	0	0	0	27	25	25	62	66	65
6	7	6	4	4	3	2	2	2	0	0	0	1	1	1	0	0	0	0	0	0	275	270	280	530	543	540
7	5	6	2	2	1	2	2	2	2	3	4	1	1	1	0	0	0	0	0	0	182	175	181	120	114	118
22	25	23	9	9	9	12	12	14	2	5	3	5	5	5	1	1	1	1	1	1	2.212	2.246	2.279	2.305	2.322	2.337
15	21	23	7	7	5	5	5	6	0	1	1	1	1	1	1	1	1	0	0	0	202	208	203	170	189	189
4	4	4	2	2	1	0	0	0	0	0	0	1	1	1	0	0	0	0	0	0	24	26	22	25	24	24
1	1	1	2	2	1	1	1	1	0	0	0	1	1	1	0	0	0	0	0	0	25	30	27	69	72	70
1	1	3	2	2	1	0	0	0	0	0	2	1	1	1	0	0	0	0	0	0	16	16	16	21	20	22
108	89	89	12	14	13	15	16	18	11	9	7	8	8	9	1	1	1	1	1	1	1.554	1.619	1.661	1.459	1.554	1.593
23	24	12	5	5	8	8	8	8	0	2	0	3	3	3	1	1	1	0	1	1	791	783	779	838	854	880
4	4	5	2	2	1	0	0	0	0	2	1	0	0	1	0	0	0	0	0	0	6	7	7	13	14	13
10	6	4	4	4	3	1	1	1	0	2	2	1	1	1	0	0	0	0	0	0	61	61	64	71	74	69
6	6	5	2	2	1	0	0	0	1	2	0	1	1	1	0	0	0	0	0	0	53	49	49	49	45	45
8	7	6	4	4	3	0	0	0	0	2	1	1	1	1	0	0	0	0	0	0	44	44	40	80	83	86
9	9	7	2	2	1	2	2	2	0	2	0	1	1	1	0	0	0	0	0	0	38	38	39	57	55	55
14	21	20	3	3	4	2	2	2	1	2	1	1	1	1	1	1	1	0	0	0	418	421	413	263	299	306
18	19	16	6	5	4	2	3	3	5	9	6	2	2	2	1	1	1	0	0	0	733	785	810	517	555	558
6	7	6	2	2	1	1	1	1	0	1	0	1	1	1	0	0	0	0	0	0	7	8	8	13	18	18
15	14	16	7	7	7	5	5	5	0	2	0	3	3	4	1	1	1	0	0	0	744	787	777	818	875	897
17	14	12	6	6	5	9	9	12	5	4	2	4	4	4	1	1	1	1	1	1	1.173	1.223	1.221	882	957	972
4	4	3	3	3	2	1	1	2	0	1	0	1	1	1	0	0	0	0	0	0	92	96	92	133	144	142
5	5	5	3	3	2	1	1	1	0	1	1	1	1	1	0	0	0	0	0	0	34	33	31	42	42	42
4	5	5	2	2	1	0	0	0	0	0	0	1	1	1	0	0	0	0	0	0	47	43	42	121	105	108
15	14	14	6	7	7	8	9	8	1	3	1	3	3	4	1	1	1	0	0	0	546	572	568	996	1.035	1.018
8	8	7	3	3	2	1	1	2	0	2	0	1	1	1	1	1	1	0	0	0	196	206	214	113	120	122
12	6	6	2	2	2	0	0	0	0	0	1	1	1	1	0	0	0	0	0	0	1	3	3	9	10	10
8	8	6	2	2	2	1	1	1	0	2	0	1	1	1	0	0	0	0	0	0	68	71	68	90	84	82
5	5	5	2	2	1	2	2	2	0	2	2	1	1	1	0	0	0	0	0	0	129	133	124	114	115	115
4	4	4	2	2	1	1	1	1	0	0	0	1	1	1	0	0	0	0	0	0	22	20	20	15	15	17
4	4	4	2	2	1	0	0	0	0	0	0	1	1	1	0	0	0	0	0	0	51	52	54	101	106	111
9	7	6	6	4	4	2	2	2	1	1	0	1	1	1	1	1	1	0	0	0	248	243	238	179	194	200
6	5	5	3	3	3	3	3	3	1	2	2	1	1	1	0	0	0	0	0	0	228	228	236	202	209	222
5	5	5	2	2	1	1	1	1	0	0	0	1	1	1	0	0	0	0	0	0	10	12	12	38	40	48
7	7	7	4	4	3	2	2	2	0	0	0	1	1	1	0	0	0	0	0	0	179	183	184	181	193	191
64	44	46	10	11	7	10	8	9	1	1	0	5	5	5	1	1	1	1	1	0	1.088	1.124	1.127	1.462	1.568	1.604
3	1	4	4	2	2	0	0	0	1	1	1	1	1	1	0	0	0	0	0	0	199	196	187	432	428	433
42	36	37	5	5	4	4	5	5	0	1	0	5	5	5	1	1	1	0	0	0	2.511	2.503	2.481	1.742	1.773	1.748
11	11	9	3	3	3	0	0	0	0	1	0	1	1	1	0	0	0	0	0	0	190	192	195	156	175	174
21	21	19	7	7	7	3	3	3	1	4	0	2	2	3	1	1	1	0	0	0	412	417	411	463	479	487
78	82	82	20	22	23	28	25	24	31	35	37	7	7	7	2	2	2	1	1	1	2.907	2.969	3.005	2.878	3.007	3.077
12	12	11	10	9	7	7	7	6	0	2	1	2	2	3	1	1	1	0	0	0	777	779	779	720	755	783
5	5	6	2	2	0	0	0	0	0	0	0	1	1	1	0	0	0	0	0	0	13	13	12	27	27	27
10	10	10	2	3	2	2	2	2	0	1	0	1	1	1	0	0	0	0	0	0	101	94	100	147	136	139
15	13	17	3	3	2	3	3	2	2	2	1	2	2	2	1	1	1	0	0	0	488	497	503	289	301	321
3	2	2	2	2	1	1	1	1	0	0	0	1	1	1	0	0	0	0	0	0	30	31	32	87	86	88
32	33	31	6	5	5	5	5	5	0	1	0	4	4	4	1	1	1	1	1	1	622	623	641	1.148	1.213	1.230
11	9	9	2	2	2	1	1	1	0	0	0	1	1	1	1	1	1	0	0	0	378	392	412	322	331	337
4	4	3	3	3	2	1	1	1	0	1	0	0	0	1	0	0	0	0	0	0	155	159	154	142	156	156
6	5	3	4	5	4	4	3	3	1	4	2	1	1	1	0	0	0	0	0	0	75	78	80	90	99	98
7	6	4	3	3	2	1	1	1	0	1	0	1	1	1	0	0	0	0	0	0	90	97	105	105	102	100
10	13	13	9	6	5	4	2	2	6	3	3	1	1	2	1	1	1	0	0	0	317	334	337	300	307	333
7	12	12	2	2	1	3	3	3	0	0	0	2	2	2	0	0	0	0	0	0	161	177	187	117	127	128
4	4	4	2	2	1	2	1	1	1	0	0	1	1	1	0	0	0	0	0	0	5	5	6	33	37	41
3	1	1	2	2	1	0	0	0	0	0	0	0	0	0	0	0	0	0	0	0	5	4	5	13	14	13
5	6	6	3	5	4	0	0	0	0	2	2	1	1	1	0	0	0	0	0	0	14	15	15	27	23	27
9	6	5	3	2	2	2	1	0	1	1	1	1	1	1	0	0	0	0	0	0	82	83	89	94	103	113
7	7	5	2	3	1	0	0	0	0	3	1	1	1	1	0	0	0	0	0	0	12	12	10	8	11	11
52	52	61	10	11	11	5	6	8	2	12	18	5	5	5	1	1	1	0	0	0	660	698	733	1.318	1.335	1.367
15	10	9	8	8	6	8	7	8	1	1	1	4	4	4	1	1	1	1	1	1	1.712	1.997	2.100	1.474	1.562	1.588
5	5	5	2	2	1	0	0	0	0	0	0	1	1	1	0	0	0	0	0	0	22	20	19	37	42	42
4	4	4	2	2	0	0	0	0	0	0	0	1	1	1	0	0	0	0	0	0	12	13	13	33	33	35
9	9	8	6	6	5	2	2	2	3	2	2	1	1	1	1	1	1	0	0	0	192	199	212	193	199	201
11	13	10	3	3	4	3	2	3	1	4	2	1	1	1	1	1	1	0	0	0	210	215	214	153	168	167
7	5	4	3	3	2	2	2	2	1	2	0	1	1	1	0	0	0	0	0	0	175	189	189	199	224	230
4	4	4	2	2	1	2	2	2	0	0	0	1	1	1	0	0	0	0	0	0	90	97	103	357	386	400
5	5	5	3	3	1	0	0	0	0	0	0	1	1	1	0	0	0	0	0	0	23	28	31	52	51	49
10	7	7	3	3	2	2	2	2	0	2	2	1	1	1	0	0	0	0	0	0	33	34	33	41	47	49
10	23	17	4	5	4	1	2	1	0	7	1	2	2	2	1	1	1	0	0	0	387	395	391	303	326	325
31	9	9	6	5	5	6	5	6	1	0	0	2	2	2	1	1	1	0	0	0	675	698	721	886	951	990
17	19	15	6	4	4	7	5	5	6	8	4	1	1	1	1	1	1	0	0	0	210	222	232	287	303	320
10	8	7	2	2	2	2	2	2	0	2	1	1	1	1	0	0	0	0	0	0	131	132	141	262	277	296
10	10	9	3	3	2	2	2	2	1	2	2	1	1	1	0	0	0	0	0	0	124	128	132	155	156	157
4	4	4	2	2	0	0	0	0	0	0	0	1	1	1	0	0	0	0	0	0	16	15	15	22	24	26
16	15	17	4	4	5	1	1	1	3	3	0	2	2	2	0	0	1	0	0	0	772	880	946	410	440	454
4	4	4	2	2	1	0	0	0	0	0	0	1	1	1	0	0	0	0	0	0	8	8	8	20	17	17
9	9	8	6	5	4	2	3	3	0	1	0	2	2	2	1	1	1	0	0	0	231	246	257	299	315	336
10	9	8	3	5	4	2	2	2	0	0	0	2	2	2	1	1	1	0	0	0	512	537	538	581	623	623
4	8	5	2	3	3	0	0	0	0	1	1	1	1	1	0	0	0	0	0	0	37	36	37	52	58	59
12	11	8	5	5	4	2	2	2	1	4	1	1	1	1	1	1	1	0	0	0	316	309	308	335	364	372
3	5	3	3	3	1	1	2	3	0	3	0	1	1	1	0	0	0	0	0	0	22	22	24	77	78	78
146	129	122	42	42	44	45	49	49	31	45	44	11	12	12	3	3	3	2	2	2	7.316	7.464	7.687	6.496	6.823	7.105
23	22	6	5	5	3	2	1	2	3	9	0	3	3	3	1	1	1	0	0	0	649	701	689	534	565	585
21	22	21	3	3	2	7	6	6	4	9	9	1	1	1	0	0	0	0	0	0	455	476	490	606	623	621
4	2	2	2	2	1	2	2	2	0	0	0	1	1	1	0	0	0	0	0	0	36	34	34	68	66	68
7	7	7	5	4	4	2	2	2	0	0	0	1	1	1	0	0	0	0	0	0	226	234	234	116	122	130
6	6	6	2	2	1	0	0	0	0	2	2	1	1	1	0	0	0	0	0	0	14	14	15	12	13	16
12	10	6	2	4	3	2	2	2	1	3	0	1	1	1	0	1	1	0	0	0	176	178	178	447	461	454
2	2	2	2	2	1	0	0	0	0	0	0	1	1	1	0	0	0	0	0	0	25	25	23	27	27	29
5	5	5	4	4	4	0	1	1	0	0	1	1	1	1	0	0	0	0	0	0	21	19	18	40	42	41
10	10	9	5	5	4	4	4	3	0	1	0	1	1	1	1	1	1	0	0	0	703	720	702	879	917	942
10	12	11	3	5	5	1	1	1	0	2	1	1	1	1	0	0	0	0	0	0	89	92	97	215	217	222
17	25	26	4	4	4	2	2	2	1	6	4	1	2	2	1	1	1	0	0	0	361	368	382	395	425	449
30	33	37	5	6	6	4	4	4	4	2	1	4	4	5	1	1	1	0	0	0	1.496	1.589	1.645	1.425	1.506	1.545
42	59	60	8	6	6	6	6	7	0	0	0	5	5	5	1	1	1	0	0	0	2.677	2.795	2.824	1.790	1.918	2.003
9	8	8	3	3	2	2	2	2	0	0	0	1	1	1	0	0	0	0	0	0	133	149	151	246	265	273
11	9	8	3	4	3	4	4	4	0	5	3	1	1	1	0	0	1	0	0	0	234	232	229	555	562	575
2	7	7	1	1	1	1	1	1	1	1	1	1	1	1	0	0	0	0	0	0	36	35	37	29	27	29
4	3	3	2	3	2	2	2	2	0	0	0	1	1	1	0	1	1	0	0	0	186	186	192	238	254	262
41	46	39	7	7	9	10	7	9	1	2	0	3	3	3	1	1	1	1	1	1	1.055	1.096	1.102	981	1.027	1.023
6	7	5	3	2	1	1	1	1	0	2	0	1	1	1	0	0	0	0	0	0	29	33	36	41	41	40
6	6	5	2	4	3	1	2	2	0	2	0	1	1	1	0	0	0	0	0	0	104	120	116	48	56	55
14	12	10	4	4	3	2	2	2	0	2	1	2	2	2	0	0	0	0	0	0	102	102	97	228	231	237
13	8	8	4	4	4	2	2	2	0	0	0	2	2	2	1	1	1	0	0	0	177	185	187	183	192	196
10	7	3	4	3	2	0	0	0	0	4	0	1	1	1	0	0	0	0	0	0	88	84	84	149	155	160
1	2	2	3	2	2	1	1	1	0	0	0	1	1	1	0	0	0	0	0	0	90	88	87	80	84	89
7	6	6	3	3	3	0	0	0	0	0	1	1	1	1	0	0	0	0	0	0	77	75	80	117	125	121
4	3	3	2	2	1	1	1	1	0	0	0	1	1	1	0	0	0	0	0	0	23	26	29	48	58	63
8	9	5	4	4	3	2	2	2	0	3	0	1	1	1	1	1	1	0	0	0	123	130	130	243	243	251
6	8	8	3	3	2	0	0	0	0	0	1	1	1	1	0	0	0	0	0	0	69	67	72	57	60	59
11	12	9	4	4	4	2	2	2	2	6	4	1	1	1	1	1	1	0	0	0	206	204	208	288	309	311
9	8	6	2	3	3	2	2	2	0	2	0	1	1	1	0	0	0	0	0	0	76	80	76	204	206	199
10	8	12	4	4	3	2	2	2	0	4	4	1	1	1	1	1	1	0	0	0	131	132	130	93	93	99
4	4	4	3	3	2	1	1	1	0	0	0	1	1	1	0	0	0	0	0	0	21	20	21	49	46	49
7	7	7	3	3	2	3	3	3	0	0	0	1	1	1	0	0	0	0	0	0	41	41	39	108	109	108
2	1	1	0	1	1	0	0	0	0	0	0	1	1	1	0	0	0	0	0	0	31	29	29	22	22	22
12	10	10	4	4	4	3	3	3	2	3	3	1	1	1	1	1	1	0	0	0	592	605	590	511	507	505
7	4	4	3	3	2	1	3	3	0	0	0	1	1	1	0	0	0	0	0	0	91	120	125	90	95	100
46	38	42	5	4	4	7	7	8	0	3	3	4	4	4	1	1	1	1	1	1	1.864	1.994	1.985	1.728	1.760	1.765
7	7	7	5	5	4	2	2	3	0	1	0	1	1	1	1	1	1	0	0	0	339	350	350	364	386	394
4	4	3	3	3	2	1	1	1	0	0	0	1	1	1	0	0	0	0	0	0	41	40	41	66	61	64
5	3	3	3	3	2	0	1	1	0	0	0	1	1	1	0	0	0	0	0	0	12	12	12	25	25	28
21	17	14	6	7	6	2	3	3	4	10	6	1	1	2	0	1	1	0	0	0	396	431	435	695	728	752
24	13	13	7	6	5	6	6	6	4	2	1	5	4	4	1	1	1	1	1	1	938	1.037	1.079	1.031	1.158	1.263
12	9	19	4	4	4	2	2	2	4	7	11	1	1	1	1	1	1	0	0	0	374	383	385	371	376	385
15	17	17	3	4	3	4	4	4	1	5	4	1	1	1	0	1	1	0	0	0	182	172	173	190	186	196
24	21	17	10	10	12	7	7	9	1	6	4	4	4	5	1	2	2	1	1	1	4.749	4.798	4.800	3.897	4.083	4.121
7	4	4	2	2	1	1	1	1	0	0	0	1	1	1	0	0	0	0	0	0	9	9	8	10	19	19
9	10	10	1	3	2	1	1	1	0	0	0	1	1	1	0	0	0	0	0	0	75	74	76	202	195	211
4	4	3	2	2	1	0	0	0	0	0	0	1	1	1	0	0	0	0	0	0	22	24	22	37	38	36
14	15	14	4	5	4	4	6	6	1	2	1	1	1	1	0	1	1	0	0	0	158	159	157	245	249	260
4	4	3	2	2	1	0	0	0	0	0	0	1	1	1	0	0	0	0	0	0	11	11	11	53	50	51
2	2	9	2	2	3	1	1	1	0	2	10	0	0	0	0	0	0	0	0	0	36	37	38	44	46	43
9	9	8	5	6	5	5	5	5	0	1	0	1	1	1	1	1	1	0	0	0	245	256	245	502	531	533
16	8	6	5	4	3	3	2	2	3	2	1	1	1	1	0	0	0	0	0	0	128	120	118	116	125	123
8	7	8	1	2	2	0	0	0	1	2	2	1	1	1	0	0	0	0	0	0	71	69	65	56	54	55
4	4	4	2	2	1	0	0	0	0	0	0	1	1	1	0	0	0	0	0	0	64	68	68	74	77	71
6	6	6	4	4	3	3	3	3	0	0	0	1	1	1	1	1	0	0	0	0	257	247	235	277	283	279
1	1	1	2	2	1	1	1	1	0	0	0	1	1	1	0	0	0	0	0	0	188	194	194	97	99	100
5	5	5	2	2	1	0	0	0	0	2	0	1	1	1	0	0	0	0	0	0	6	8	9	21	23	23
3	4	3	0	0	0	0	0	0	0	1	0	1	1	1	0	0	0	0	0	0	12	12	10	18	19	18
22	25	22	8	9	9	3	5	3	8	8	6	6	7	8	1	1	1	1	1	1	1.989	2.004	2.024	1.449	1.485	1.530
15	18	17	5	5	4	4	7	8	2	1	0	3	4	4	1	1	1	0	0	0	987	1.022	1.027	701	715	734
3	3	3	2	1	1	0	1	1	0	0	0	1	1	1	0	0	0	0	0	0	4	4	4	16	14	17
7	8	8	5	3	4	0	0	0	0	2	1	1	1	1	0	0	0	0	0	0	77	83	85	101	109	109
10	8	8	6	5	5	3	3	2	0	2	1	1	1	1	1	1	1	0	0	0	272	282	275	400	427	434
5	5	5	3	2	1	2	2	2	0	0	0	1	1	1	0	0	0	0	0	0	23	28	26	47	49	46
8	9	8	2	3	2	0	0	0	0	1	0	1	1	1	0	0	0	0	0	0	29	31	37	49	50	52
4	6	5	2	2	0	0	0	0	0	0	0	1	1	1	0	0	0	0	0	0	4	4	6	13	15	14
5	5	4	3	3	2	1	1	1	0	0	0	1	1	1	0	0	0	0	0	0	43	52	52	74	86	90
7	6	6	3	4	3	2	1	1	0	0	0	1	1	1	1	1	1	0	0	0	58	58	63	70	76	73
6	7	6	3	3	2	2	2	2	0	1	0	1	2	2	0	0	0	0	0	0	113	119	126	298	299	306
5	3	3	2	2	1	0	0	0	0	0	0	1	1	1	0	0	0	0	0	0	35	36	38	37	38	37
37	23	19	8	8	5	3	3	3	8	1	0	4	4	4	1	1	1	0	0	0	468	482	505	713	758	786
4	4	3	2	2	1	1	1	1	0	1	0	1	1	1	0	0	0	0	0	0	7	6	5	9	7	6
19	19	18	2	3	2	2	3	4	6	6	3	4	4	4	1	1	1	0	0	0	1.138	1.201	1.219	1.245	1.315	1.329
4	4	4	2	2	1	0	0	0	0	0	0	1	1	1	0	0	0	0	0	0	4	5	6	27	30	31
6	4	6	2	3	1	0	0	0	0	0	0	1	1	1	0	0	0	0	0	0	16	20	23	45	48	45
6	7	9	2	2	1	1	1	1	0	0	0	1	1	1	0	0	0	0	0	0	49	53	49	127	134	140
4	3	3	2	2	1	0	0	0	0	0	0	1	1	1	0	0	0	0	0	0	35	34	30	25	26	29
26	22	20	12	13	13	11	19	19	0	1	0	5	5	5	1	2	2	1	1	1	2.476	2.539	2.530	3.321	3.389	3.416
37	37	37	5	5	4	9	9	6	5	10	0	4	4	5	1	1	1	0	0	0	1.142	1.176	1.212	1.175	1.230	1.281
29	28	28	7	6	7	3	1	1	1	0	0	4	4	4	1	1	1	0	0	0	816	861	847	757	782	793
4	4	4	2	2	1	0	0	0	0	0	0	1	1	1	0	0	0	0	0	0	5	4	4	27	28	25
2	2	4	2	2	1	2	2	2	0	1	2	0	0	0	0	0	0	0	0	0	62	64	58	93	95	99
16	20	17	4	4	3	3	3	4	1	4	0	2	2	2	1	1	1	0	0	0	277	267	277	438	438	454
4	4	4	2	2	1	0	0	0	0	0	0	1	1	1	0	0	0	0	0	0	17	16	14	57	61	62
2	4	5	2	3	2	0	0	0	0	0	0	1	1	1	0	0	0	0	0	0	11	14	16	25	26	26
6	6	5	4	4	3	2	2	2	1	1	0	1	1	1	0	0	0	0	0	0	93	94	89	205	219	215
9	7	7	2	3	2	2	1	1	1	1	1	1	1	1	0	0	0	0	0	0	50	48	50	107	110	113
4	4	4	2	2	1	1	1	1	0	0	0	1	1	1	0	0	0	0	0	0	19	20	23	47	49	51
6	4	4	2	3	2	0	0	1	0	1	1	1	1	1	0	0	0	0	0	0	70	71	73	66	67	63
5	5	4	2	3	3	2	1	1	0	1	1	1	1	1	0	0	0	0	0	0	28	25	26	61	65	69
20	17	15	5	7	7	4	3	3	1	4	3	3	3	3	1	1	1	0	0	0	229	237	237	429	469	469
8	8	7	2	2	1	2	2	2	0	1	2	1	1	1	0	0	0	0	0	0	182	201	209	134	145	152
2	2	1	4	4	3	1	1	1	0	1	0	1	1	1	1	1	1	0	0	0	193	184	178	600	602	621
10	8	4	3	2	1	2	2	2	1	1	0	1	1	1	0	0	0	0	0	0	40	35	39	239	243	247
4	2	2	2	2	1	1	1	1	0	0	0	1	1	1	0	0	0	0	0	0	77	80	76	85	89	91
7	7	6	3	4	3	1	1	1	0	2	1	1	1	1	0	0	0	0	0	0	106	114	112	111	124	125
6	6	5	2	3	2	0	1	1	0	1	0	1	1	1	0	0	0	0	0	0	18	17	18	26	31	34
7	7	6	2	3	2	2	2	2	0	1	2	1	1	1	0	0	0	0	0	0	48	45	42	69	76	79
9	9	8	3	3	4	3	3	3	0	3	2	1	1	1	0	0	1	0	0	0	253	247	241	598	623	638
7	8	9	3	3	2	2	2	2	1	0	0	1	1	1	0	0	0	0	0	0	313	312	319	175	184	185
22	20	22	5	5	4	6	7	7	2	2	1	4	4	4	1	1	1	0	0	0	812	851	906	893	911	946
7	9	8	3	3	3	2	2	2	0	3	3	1	1	1	0	0	0	0	0	0	59	54	56	174	169	170
9	9	8	6	4	3	2	2	3	1	2	2	1	1	1	1	1	1	0	0	0	256	260	260	462	479	490
24	21	15	8	8	6	14	13	10	1	10	6	4	4	4	1	1	1	1	1	1	2.868	2.926	2.927	2.589	2.623	2.641
109	92	88	19	19	20	19	19	17	1	2	1	12	12	12	3	3	3	2	2	2	10.147	10.384	10.488	8.149	8.252	8.360
5	2	1	4	4	2	0	0	0	1	1	0	1	1	1	0	0	0	0	0	0	36	32	32	64	67	62
4	3	3	2	2	0	0	0	0	0	0	0	1	1	1	0	0	0	0	0	0	13	13	14	54	62	64
9	7	6	2	2	1	1	2	2	0	1	0	1	1	1	0	0	0	0	0	0	84	87	87	121	132	132
6	6	6	5	5	4	0	0	0	0	2	2	1	1	1	0	0	0	0	0	0	38	41	44	28	32	34
38	31	21	8	5	5	2	2	5	2	0	1	4	4	4	1	1	1	0	0	0	1.582	1.657	1.728	1.265	1.327	1.333
9	5	4	3	4	3	0	0	0	0	2	1	1	1	1	0	0	0	0	0	0	98	102	104	61	72	71
7	5	4	3	3	2	0	0	0	0	2	0	1	1	1	0	0	0	0	0	0	54	58	58	85	84	80
3	3	4	2	2	1	1	1	1	0	0	0	1	1	1	0	0	0	0	0	0	26	26	27	60	54	60
7	7	6	4	4	4	2	2	2	1	2	2	1	1	1	0	0	0	0	0	0	123	122	116	254	256	258
5	6	5	2	2	1	1	1	1	0	0	0	1	1	1	0	0	0	0	0	0	121	125	124	93	105	104
8	6	4	2	2	1	2	2	2	1	3	0	1	1	1	0	0	0	0	0	0	60	62	61	76	78	81
9	9	8	5	5	4	3	3	3	0	2	1	1	1	1	1	1	1	0	0	0	404	419	440	316	355	384
10	8	6	1	3	1	2	2	2	1	3	1	1	1	1	0	0	0	0	0	0	868	879	894	944	981	997
7	6	4	4	5	4	2	2	2	0	2	0	1	1	1	1	1	1	0	0	0	63	66	73	66	69	74
6	6	6	2	2	1	2	2	2	0	0	0	1	1	1	0	0	0	0	0	0	92	91	93	196	191	196
13	9	7	4	4	3	1	1	1	0	5	2	1	1	1	0	0	0	0	0	0	137	142	140	186	202	211
14	14	9	2	2	1	2	2	2	3	1	0	1	1	1	0	0	0	0	0	0	132	140	140	185	194	201
6	1	2	5	4	1	1	1	1	1	1	0	1	1	1	0	0	0	0	0	0	122	122	127	69	71	71
8	6	6	4	5	3	2	2	2	0	0	0	1	1	1	0	0	0	0	0	0	478	485	487	473	498	507
6	5	5	4	3	4	1	1	1	0	1	0	1	1	1	0	0	0	0	0	0	147	161	174	84	88	96
8	8	6	6	6	7	1	1	1	0	1	2	1	1	1	1	1	1	0	0	0	134	147	159	211	224	232
14	14	10	6	8	6	1	1	1	4	3	2	1	1	1	0	0	0	0	0	0	305	318	330	229	244	246
57	57	57	7	8	7	6	6	6	7	17	12	5	5	5	1	1	1	0	0	0	1.698	1.827	1.834	1.158	1.242	1.277
3	2	2	2	2	0	0	0	0	0	0	0	1	1	1	0	0	0	0	0	0	37	37	36	64	64	65
8	6	5	3	3	2	0	0	0	0	1	0	1	1	1	0	0	0	0	0	0	27	25	29	62	70	71
7	7	7	3	3	2	2	2	2	0	0	0	1	1	1	0	0	0	0	0	0	27	26	25	38	38	39
13	15	15	3	3	2	1	1	1	0	1	0	2	2	2	0	0	0	0	0	0	52	56	55	115	115	115
12	8	13	4	3	2	1	1	1	0	2	6	1	1	1	1	1	1	0	0	0	123	124	129	112	123	121
9	13	5	1	0	1	1	1	1	3	2	1	1	1	1	0	0	0	0	0	0	69	77	78	36	34	35
5	4	5	2	2	1	1	1	1	0	1	0	1	1	1	0	0	0	0	0	0	47	46	45	28	29	28
3	4	4	3	2	1	1	1	1	0	0	0	1	1	1	0	0	0	0	0	0	50	43	39	60	60	61
5	4	4	3	2	1	2	0	0	0	0	0	1	1	1	0	0	0	0	0	0	36	36	36	183	186	185
10	10	9	1	3	2	1	1	1	1	1	0	1	1	1	0	1	1	0	0	0	101	112	108	65	70	73
6	6	5	2	2	1	1	1	1	0	1	0	1	1	1	0	0	0	0	0	0	52	52	53	63	70	67
5	4	4	2	2	1	0	0	0	0	0	0	1	1	1	0	0	0	0	0	0	43	41	44	85	84	85
6	6	5	3	3	2	2	2	2	0	1	0	1	1	1	0	0	0	0	0	0	121	119	121	252	254	254
5	5	5	5	5	4	3	3	3	0	0	0	2	2	2	1	1	1	0	0	0	183	185	190	391	401	405
6	8	8	5	5	4	3	3	3	0	2	0	1	1	1	1	1	1	0	0	0	162	166	162	95	100	103
6	4	4	3	5	4	0	0	0	0	1	1	1	1	1	0	0	0	0	0	0	13	13	12	17	19	19
24	18	20	6	5	5	3	4	4	0	5	3	2	2	2	1	1	1	1	1	1	1.973	2.084	2.139	1.314	1.443	1.525
4	4	4	2	2	1	1	1	1	0	0	0	1	1	1	0	0	0	0	0	0	21	19	23	27	29	27
17	19	18	7	5	3	3	4	2	0	3	1	4	4	4	1	1	1	0	0	0	4.218	4.213	4.209	2.747	2.752	2.752
15	14	14	9	8	6	5	6	6	0	3	3	4	4	4	1	1	1	0	0	0	1.095	1.101	1.138	1.878	1.938	1.987
24	23	26	8	9	8	9	7	7	1	2	1	2	3	3	1	1	1	0	0	0	760	850	869	1.197	1.246	1.281
24	19	17	5	5	4	2	2	2	5	3	2	4	4	4	1	1	1	1	1	1	1.127	1.182	1.199	1.276	1.327	1.352
20	24	25	8	8	7	3	3	3	0	1	0	3	3	3	1	1	1	0	0	0	461	486	485	641	637	624
3	3	3	2	2	1	1	1	1	1	0	0	1	1	1	0	0	0	0	0	0	37	35	34	31	31	28
10	11	10	3	3	2	2	2	2	1	2	0	1	1	1	0	0	0	0	0	0	155	164	166	214	221	223
5	4	3	3	3	2	2	2	2	0	1	0	1	1	1	0	0	0	0	0	0	133	138	141	206	228	247
6	5	4	3	4	3	1	1	1	0	2	1	1	1	1	0	0	0	0	0	0	63	60	65	105	108	109
4	5	6	2	2	1	0	0	0	0	0	0	1	1	1	0	0	0	0	0	0	20	24	24	76	79	78
15	14	14	7	6	5	5	5	6	3	4	4	6	6	6	1	1	1	1	1	1	2.591	2.785	2.873	2.480	2.679	2.788
12	10	9	4	4	3	3	3	3	0	1	0	2	2	2	1	1	1	0	0	0	388	416	425	479	485	493
13	13	10	5	5	5	2	1	1	0	1	1	2	2	2	0	0	0	0	0	0	307	302	301	219	229	227
23	24	23	6	6	7	5	7	7	0	1	0	4	4	4	1	1	1	0	0	0	664	704	703	598	662	686
7	5	4	2	2	1	2	2	2	0	0	0	1	1	1	0	0	0	0	0	0	102	111	118	182	200	200
9	9	10	2	2	2	1	1	1	1	1	1	1	1	1	0	0	0	0	0	0	142	138	135	84	83	88
4	4	4	2	2	1	2	2	2	0	0	0	1	1	1	0	0	0	0	0	0	32	33	34	70	70	70
8	8	10	0	0	1	1	1	1	0	2	2	1	1	1	0	0	0	0	0	0	46	42	47	67	70	74
38	41	45	11	12	12	7	7	7	0	12	11	5	5	5	1	1	1	1	1	1	1.282	1.302	1.305	975	1.053	1.093
5	6	5	3	3	3	1	1	1	0	1	0	2	2	2	1	1	1	0	0	0	266	265	266	180	194	195
10	11	9	4	4	3	2	2	3	0	1	0	1	1	1	1	1	1	0	0	0	188	203	210	498	512	527
4	5	5	2	2	2	0	1	1	0	1	1	1	1	1	0	0	0	0	0	0	43	41	37	61	62	63
20	26	19	7	9	8	6	6	6	0	2	0	2	3	3	1	1	1	0	0	0	965	956	977	761	768	775
12	11	11	10	10	9	7	7	7	3	3	3	4	4	4	1	1	1	1	1	1	1.418	1.456	1.452	1.468	1.530	1.561
8	9	8	2	2	1	3	3	3	1	3	3	1	1	1	0	0	0	0	0	0	33	31	29	157	158	157
9	8	5	2	2	2	2	2	2	0	0	0	1	1	1	0	0	0	0	0	0	274	273	278	273	286	292
11	17	19	6	7	6	1	1	1	1	2	0	1	2	2	1	1	1	0	0	0	293	344	378	179	184	195
8	8	6	7	6	5	4	4	3	0	1	0	1	1	1	1	1	1	0	0	0	602	602	601	707	757	759
7	2	2	2	2	1	1	1	1	0	1	1	1	1	1	0	0	0	0	0	0	47	48	50	26	30	32
41	20	15	4	3	3	2	2	1	0	0	0	3	3	3	1	1	1	0	0	0	686	670	667	534	544	542
9	10	11	5	5	3	3	4	4	4	6	5	1	1	1	0	0	0	0	0	0	338	342	338	378	387	396
10	9	8	3	2	2	1	1	1	3	6	5	1	1	1	0	0	1	0	0	0	267	283	296	192	209	237
24	23	21	8	10	8	5	8	7	1	3	1	4	4	4	1	1	1	0	1	1	794	809	811	833	869	899
6	5	5	2	3	2	0	1	1	0	0	0	1	1	1	0	0	0	0	0	0	28	27	25	47	48	51
4	8	3	2	4	4	2	2	2	0	1	1	1	1	1	0	0	0	0	0	0	77	78	80	103	102	107
3	3	3	2	0	0	0	0	0	0	0	0	1	1	1	0	0	0	0	0	0	12	11	10	39	41	40
12	12	8	6	6	6	4	3	3	0	4	1	1	1	1	1	1	1	0	0	0	290	297	307	305	330	343
6	6	5	3	3	2	1	1	1	1	3	0	1	1	1	0	0	0	0	0	0	21	18	18	34	42	41
2	2	3	2	2	1	1	0	1	0	0	0	1	1	1	0	0	0	0	0	0	12	9	9	4	4	5
118	70	76	11	11	10	9	11	12	11	4	2	4	4	6	1	1	1	1	1	1	1.975	2.073	2.104	1.925	2.046	2.127
7	6	5	2	2	1	2	2	2	0	0	0	1	1	1	0	0	0	0	0	0	111	108	107	238	244	248
5	6	5	4	3	3	3	2	2	0	0	0	1	1	1	0	0	0	0	0	0	471	479	482	412	430	429
9	9	9	4	4	3	1	1	1	0	1	1	1	1	1	1	1	1	0	0	0	576	583	585	383	385	385
6	3	1	2	2	1	1	1	1	0	0	0	1	1	1	0	0	0	0	0	0	138	136	137	76	76	80
23	18	17	4	4	2	3	3	4	4	4	1	2	2	2	0	0	0	0	0	0	156	165	160	306	356	384
5	5	5	2	2	1	2	2	2	0	1	1	1	1	1	0	0	0	0	0	0	29	30	30	62	65	62
9	9	8	0	2	1	0	0	0	0	4	3	1	1	1	0	0	0	0	0	0	32	33	33	47	51	49
14	16	14	5	6	5	7	6	6	2	2	0	3	3	3	1	1	1	0	0	0	728	733	745	808	862	889
17	16	15	6	6	5	3	3	3	0	1	0	3	3	3	1	1	1	0	0	0	324	325	321	565	570	567
98	139	140	15	14	13	8	11	15	22	33	25	4	5	5	1	1	1	1	1	1	2.240	2.294	2.287	1.774	1.922	1.974
1	7	10	0	0	0	0	0	0	0	0	0	1	1	1	0	0	0	0	0	0	51	50	49	59	61	63
23	21	21	7	5	5	4	4	4	0	2	1	2	2	2	1	1	1	0	0	0	566	602	618	571	647	688
24	21	20	7	8	7	6	5	4	9	9	9	2	2	2	1	1	1	0	0	0	540	580	616	563	592	591
6	4	4	2	2	0	2	2	2	0	0	0	1	1	1	0	0	0	0	0	0	4	1	2	26	24	25
6	6	6	4	4	4	3	3	3	0	0	0	2	2	2	1	1	1	0	0	0	177	178	184	161	170	181
7	8	6	7	6	6	1	1	1	0	1	0	1	1	1	1	1	1	0	0	0	156	152	153	233	252	251
6	4	6	3	3	2	0	1	1	0	1	2	1	1	1	0	0	0	0	0	0	10	8	8	16	16	16
5	5	4	4	4	3	0	0	0	1	2	2	1	1	1	0	0	0	0	0	0	51	54	53	121	134	140
4	4	4	2	2	1	1	1	1	0	0	0	1	1	1	0	0	0	0	0	0	22	17	17	64	66	65
8	6	5	3	3	2	0	0	0	1	1	0	1	1	1	0	0	0	0	0	0	40	42	36	45	46	45
6	5	5	2	2	1	0	0	0	0	0	0	1	1	1	0	0	0	0	0	0	6	4	4	14	19	23
9	6	6	4	4	3	2	2	2	0	2	1	1	1	1	0	0	0	0	0	0	78	79	77	165	167	166
7	6	7	2	2	1	1	2	2	0	0	0	1	1	1	0	0	0	0	0	0	46	53	56	98	101	106
5	6	5	2	2	1	0	0	1	0	1	0	1	1	1	0	0	0	0	0	0	12	9	11	49	50	56
4	5	5	2	2	1	0	0	0	0	0	0	1	1	1	0	0	0	0	0	0	22	25	26	62	62	61
3	6	7	3	3	2	3	2	1	0	2	3	1	1	1	1	1	1	0	0	0	253	265	270	266	286	294
19	25	23	6	5	5	4	4	4	1	1	0	3	3	3	1	1	1	0	0	0	756	816	840	436	460	475
5	5	5	3	3	2	2	1	2	0	0	0	1	1	1	0	0	0	0	0	0	40	43	44	78	80	84
3	3	3	2	2	1	0	0	0	0	0	0	1	1	1	0	0	0	0	0	0	17	14	14	24	22	24
6	10	15	5	5	1	2	2	2	1	1	1	1	1	1	0	0	0	0	0	0	57	56	58	129	134	130
8	7	5	2	2	1	1	1	1	0	2	0	1	1	1	0	0	0	0	0	0	8	10	9	14	19	21
5	5	5	2	2	1	0	0	0	0	0	0	1	1	1	0	0	0	0	0	0	20	16	16	30	35	37
37	32	23	12	14	11	9	8	8	5	12	2	4	5	5	1	1	1	1	1	1	2.522	2.566	2.545	2.277	2.351	2.393
7	4	4	2	2	1	1	1	1	0	0	0	1	1	1	0	0	0	0	0	0	10	10	10	25	29	32
8	6	5	4	4	3	2	2	2	0	1	0	1	1	1	1	1	1	0	0	0	263	271	275	411	432	438
21	21	19	8	8	7	4	4	4	1	5	4	3	3	3	1	1	1	0	0	0	664	657	635	570	591	603
36	29	29	8	11	9	6	9	7	2	2	3	7	7	7	1	2	2	1	1	1	3.412	3.518	3.562	2.665	2.719	2.717
8	8	6	2	2	1	1	1	1	0	2	0	1	1	1	0	0	0	0	0	0	53	52	53	39	38	37
6	6	6	2	2	1	1	1	1	0	0	0	1	1	1	0	0	0	0	0	0	23	23	26	44	40	44
5	4	3	2	2	1	1	1	1	0	0	0	1	1	1	0	0	0	0	0	0	9	13	12	8	9	8
5	5	4	4	5	4	3	2	2	0	1	0	1	1	1	0	1	1	0	0	0	125	124	117	326	328	344
9	6	6	3	4	3	2	1	1	1	1	1	1	1	1	0	0	0	0	0	0	93	91	86	84	89	90
6	4	4	2	2	1	0	0	0	0	0	0	1	1	1	0	0	0	0	0	0	34	37	36	30	31	30
18	17	16	5	5	5	4	4	4	0	0	0	1	1	1	1	1	1	0	0	0	429	456	470	385	411	420
5	5	4	4	4	3	2	2	2	1	2	1	1	1	1	1	1	1	0	0	0	230	224	210	329	332	345
4	4	4	2	2	1	2	2	2	0	0	0	0	0	0	0	0	0	0	0	0	83	83	77	210	211	210
14	15	8	6	6	5	6	6	6	0	5	0	2	2	2	1	1	1	0	0	0	542	579	624	492	512	534
7	4	4	2	2	1	1	2	2	0	0	0	1	1	1	0	0	0	0	0	0	31	32	33	54	53	53
22	20	25	5	6	7	3	4	4	0	3	2	1	1	1	1	1	1	0	0	0	483	495	475	708	777	805
32	36	36	11	12	10	15	18	18	2	5	5	5	7	7	2	2	2	1	1	1	3.477	3.728	4.044	3.060	3.377	3.499
33	38	33	10	9	8	9	8	7	0	5	0	3	3	3	1	1	1	0	0	0	591	610	618	918	970	1.026
29	23	25	7	6	5	9	9	9	1	1	0	3	3	3	1	1	1	0	0	0	598	619	629	608	659	688
7	4	4	2	2	1	0	0	0	1	0	0	1	1	1	0	0	0	0	0	0	21	22	23	35	36	35
6	5	5	2	2	1	0	2	2	0	0	0	1	1	1	0	0	0	0	0	0	10	11	11	48	52	50
14	15	14	5	5	4	2	1	1	4	6	5	2	2	2	1	1	1	0	0	0	1.019	1.147	1.265	508	589	594
8	4	5	3	1	0	0	0	0	0	1	0	1	1	1	0	0	0	0	0	0	33	32	35	33	32	36
12	8	8	7	6	5	3	4	3	1	5	3	2	2	2	1	1	1	0	0	0	438	434	441	379	412	420
6	6	4	4	4	3	2	2	2	0	2	0	1	1	1	1	1	1	0	0	0	297	350	364	211	226	228
7	8	7	3	3	2	1	1	2	0	3	0	1	1	1	0	0	0	0	0	0	163	162	160	201	198	196
6	8	6	2	2	1	0	0	0	0	0	0	1	1	1	0	0	0	0	0	0	23	19	19	84	84	85
5	7	7	5	5	4	3	3	3	0	0	0	2	2	2	1	1	1	0	0	0	494	497	512	402	427	436
3	5	5	2	2	1	1	1	1	0	1	1	1	1	1	0	0	0	0	0	0	130	135	132	64	65	67
11	11	7	4	4	3	4	4	4	1	2	0	1	1	1	1	1	1	0	0	0	135	133	134	311	318	324
11	10	10	4	1	1	2	3	3	2	3	3	1	1	1	0	0	0	0	0	0	92	95	91	80	87	90
6	2	10	3	2	2	1	0	1	2	0	7	0	0	0	0	0	0	0	0	0	10	8	8	16	18	19
4	4	4	2	2	0	1	1	1	0	0	0	1	1	1	0	0	0	0	0	0	30	33	31	46	49	51
1	1	1	2	2	0	0	0	0	0	0	0	0	0	0	0	0	0	0	0	0	24	23	24	31	35	33
3	3	2	2	2	1	0	0	0	0	0	0	1	1	1	0	0	0	0	0	0	36	34	36	39	43	47
2	2	2	2	2	1	0	0	0	0	1	1	1	1	1	0	0	0	0	0	0	98	98	96	55	61	62
3	3	6	4	3	2	2	2	2	1	1	1	1	1	1	0	0	0	0	0	0	112	119	125	131	144	151
8	7	5	2	2	1	1	1	1	0	2	0	1	1	1	0	0	0	0	0	0	89	94	92	103	105	107
7	7	4	3	3	2	3	3	3	0	3	0	1	1	1	0	0	0	0	0	0	67	98	112	284	302	309
8	7	5	2	2	1	1	1	1	0	2	0	1	1	1	0	0	0	0	0	0	19	17	19	46	51	51
8	6	5	3	3	2	0	0	0	0	2	0	1	1	1	0	0	0	0	0	0	40	46	46	45	47	46
3	3	3	2	2	1	1	1	1	0	0	0	1	1	1	0	0	0	0	0	0	21	27	29	77	76	85
7	4	4	2	2	1	0	0	0	0	0	0	1	1	1	0	0	0	0	0	0	3	4	5	10	17	20
3	3	3	2	2	0	0	0	0	0	0	0	1	1	1	0	0	0	0	0	0	0	0	0	2	2	1
9	9	10	4	4	3	0	0	0	0	3	3	1	1	1	0	0	0	0	0	0	29	32	31	49	48	48
5	7	5	4	5	4	3	3	3	0	2	0	1	1	1	1	1	1	0	0	0	159	165	178	204	213	220
5	5	5	2	2	1	0	0	0	0	0	0	1	1	1	0	0	0	0	0	0	9	5	4	41	45	47
4	4	4	2	2	1	0	0	0	0	0	0	1	1	1	0	0	0	0	0	0	16	17	20	35	36	38
4	4	4	2	2	1	1	1	1	0	0	0	1	1	1	0	0	0	0	0	0	16	17	16	48	50	53
10	11	9	5	3	3	4	2	2	7	5	1	1	1	1	1	1	1	0	0	0	365	389	414	171	183	192
6	8	6	2	2	1	1	1	1	0	2	0	1	1	1	0	0	0	0	0	0	18	19	19	31	36	36
14	15	14	6	7	7	4	4	4	0	1	0	1	1	1	1	1	1	0	0	0	473	482	479	372	423	425
3	3	2	3	3	2	1	2	2	0	1	0	1	1	1	0	0	0	0	0	0	24	23	23	84	89	89
5	3	3	2	2	1	0	0	0	0	0	0	1	1	1	0	0	0	0	0	0	49	48	51	71	73	68
3	5	4	2	3	2	1	1	2	0	0	0	1	1	1	0	0	0	0	0	0	11	10	8	19	21	21
13	14	18	5	5	5	4	4	4	0	1	0	2	2	2	1	1	1	0	0	0	474	508	526	455	499	502
7	6	4	2	2	1	1	1	1	0	2	0	1	1	1	0	0	0	0	0	0	20	19	20	26	26	28
3	4	2	3	3	2	1	1	1	0	2	0	0	1	1	0	0	0	0	0	0	45	49	47	70	75	70
5	6	4	2	2	1	1	0	1	0	1	0	1	1	1	0	0	0	0	0	0	28	30	32	21	23	24
10	12	1	4	4	3	2	2	2	0	1	0	1	2	1	1	1	1	0	0	0	193	187	187	333	343	360
41	36	36	10	10	10	14	14	13	0	1	1	8	8	9	2	2	2	1	1	1	5.730	5.788	5.735	4.376	4.430	4.449
5	3	3	3	3	2	0	0	0	0	0	0	1	1	1	0	0	0	0	0	0	30	29	28	28	28	30
15	15	16	5	5	4	4	4	3	0	1	0	2	2	2	1	1	1	0	0	0	273	285	279	305	310	321
19	19	18	8	8	7	4	3	3	0	0	0	4	4	4	1	1	1	1	1	1	937	959	966	1.109	1.142	1.153
4	4	4	3	3	2	0	0	0	0	0	0	1	1	1	0	0	0	0	0	0	38	38	38	155	153	151
7	7	9	2	2	1	2	2	2	0	0	0	1	1	1	0	0	0	0	0	0	70	75	78	145	152	157
7	5	5	2	2	1	2	1	1	0	0	0	1	1	1	0	0	0	0	0	0	84	88	91	127	130	138
6	6	4	2	2	1	1	1	1	0	2	0	1	1	1	0	0	0	0	0	0	68	72	72	101	111	107
9	10	6	2	2	1	1	1	1	0	2	0	1	1	1	0	0	0	0	0	0	27	27	29	69	76	73
9	8	7	3	3	2	1	1	1	0	2	0	1	1	1	0	0	0	0	0	0	60	64	67	140	144	144
13	13	9	4	4	3	2	1	1	0	3	0	1	1	1	1	1	1	0	0	0	193	196	206	225	234	244
7	7	7	3	3	2	0	0	0	0	1	0	1	1	1	0	0	0	0	0	0	115	117	117	226	228	231
19	20	18	4	4	4	3	3	3	1	1	0	2	2	2	1	1	1	0	0	0	214	232	233	448	476	491
9	3	3	3	2	2	2	2	2	1	1	0	1	1	1	0	0	0	0	0	0	344	358	360	248	259	269
7	7	6	2	2	1	0	0	0	0	2	0	1	1	1	0	0	0	0	0	0	25	29	28	29	30	32
7	13	6	3	3	2	2	2	2	0	1	0	2	2	2	0	0	0	0	0	0	79	82	82	277	280	271
7	6	5	2	3	2	1	1	1	0	0	0	1	1	1	0	0	0	0	0	0	28	27	26	52	56	53
6	2	2	3	3	2	1	1	1	0	0	0	1	1	1	0	0	0	0	0	0	97	106	116	145	149	151
6	5	4	2	2	1	2	2	2	0	0	0	1	1	1	0	0	0	0	0	0	55	52	54	62	60	59
7	6	5	3	3	3	1	1	1	0	0	0	1	1	1	0	0	0	0	0	0	231	241	252	269	284	300
6	5	5	2	2	1	0	0	0	0	0	0	1	1	1	0	0	0	0	0	0	21	27	26	20	25	27
6	5	5	3	3	2	3	2	2	0	1	0	1	1	1	0	0	0	0	0	0	71	65	64	167	167	168
3	3	3	2	2	1	0	0	0	0	0	0	1	1	1	0	0	0	0	0	0	40	41	39	72	80	83
15	10	6	5	4	4	4	3	3	8	4	1	1	2	2	1	1	1	0	0	0	428	472	494	288	312	324
5	3	3	2	3	2	0	0	0	0	1	1	1	1	1	0	0	0	0	0	0	8	6	6	13	14	15
7	7	6	4	4	3	2	2	2	0	2	1	1	1	1	0	0	0	0	0	0	102	109	113	139	143	142
12	13	13	6	4	3	4	5	5	2	3	3	1	1	1	1	1	1	0	0	0	267	276	279	363	399	434
5	1	1	1	1	1	1	1	1	0	0	0	1	1	1	1	1	1	0	0	0	30	28	28	65	72	73
7	7	7	2	3	2	0	1	2	0	0	0	1	1	1	0	0	0	0	0	0	7	9	10	34	35	36
5	5	6	3	3	2	1	2	2	0	0	0	1	1	1	0	0	0	0	0	0	92	85	86	209	203	204
11	9	8	4	5	5	4	4	4	3	4	3	1	1	1	1	1	1	0	0	0	172	208	217	184	188	188
6	6	6	4	4	3	1	1	1	0	0	0	1	1	1	0	0	0	0	0	0	10	8	9	34	37	37
7	7	6	3	5	4	1	1	1	1	0	0	1	1	1	0	0	0	0	0	0	215	207	197	148	159	168
10	10	9	5	5	5	5	5	6	0	1	0	1	1	1	1	1	1	0	0	0	419	422	432	618	653	697
8	5	4	3	4	3	2	2	2	1	3	2	1	1	1	0	1	1	0	0	0	267	273	276	363	361	357
7	6	6	3	3	2	1	1	1	0	0	0	1	1	1	0	0	0	0	0	0	39	41	39	62	64	61
10	9	8	6	6	6	3	3	3	3	2	1	2	2	2	1	1	1	0	0	0	1.559	1.592	1.621	843	933	988
5	5	5	2	2	1	1	1	1	0	0	0	1	1	1	0	0	0	0	0	0	18	18	19	78	82	80
20	20	20	4	5	4	5	5	5	0	2	1	2	2	2	0	1	1	0	0	0	466	494	520	482	525	550
9	10	14	3	3	2	3	3	2	3	1	1	1	1	1	1	1	1	0	0	0	197	208	215	261	289	289
17	16	14	6	4	4	4	4	4	12	3	3	5	5	5	1	1	1	0	0	0	1.530	1.575	1.575	1.559	1.663	1.650
9	9	7	2	2	1	1	1	1	0	2	0	1	1	1	0	0	0	0	0	0	106	106	106	126	128	133
7	6	6	3	3	3	2	1	1	0	1	1	1	1	1	0	0	0	0	0	0	80	87	89	85	89	85
5	4	5	2	2	1	0	0	0	0	0	0	1	1	1	0	0	0	0	0	0	8	7	7	42	39	42
7	9	7	2	2	1	1	1	1	1	2	1	1	1	1	0	0	0	0	0	0	73	80	80	85	88	88
13	13	13	5	5	5	2	1	1	0	4	3	1	1	1	1	1	1	0	0	0	242	255	257	189	206	204
44	52	57	17	17	16	14	15	16	7	7	5	7	7	7	2	2	2	1	1	1	2.363	2.438	2.445	2.210	2.384	2.460
14	12	11	5	7	5	2	2	4	0	1	0	2	2	2	1	1	1	0	0	0	176	184	192	426	440	471
14	10	6	6	5	4	3	3	3	0	1	0	1	1	1	1	1	1	0	0	0	269	260	262	296	308	321
7	6	5	3	3	2	2	2	2	0	0	0	1	1	1	0	0	0	0	0	0	73	72	73	58	67	65
11	8	7	1	1	1	1	0	0	0	0	0	2	2	2	0	0	0	0	0	0	101	97	95	91	88	85
10	9	11	3	4	3	2	2	2	0	2	0	1	1	1	0	1	1	0	0	0	203	204	206	234	243	244
19	20	19	3	3	5	4	5	5	1	3	2	2	2	2	1	1	1	0	0	0	373	372	387	545	566	580
3	6	6	5	5	3	3	3	3	0	2	2	1	1	1	0	0	0	0	0	0	80	85	84	104	105	102
19	18	14	4	3	3	2	1	1	2	7	2	4	3	3	1	1	1	0	0	0	194	200	193	317	317	319
6	6	5	3	3	2	1	1	1	0	2	1	1	1	1	0	0	0	0	0	0	11	15	14	50	55	54
3	3	3	4	4	3	2	2	1	0	0	0	1	1	1	0	0	0	0	0	0	28	26	25	46	48	46
29	30	30	3	5	4	5	5	4	5	12	13	4	5	5	1	1	1	0	1	1	709	743	759	679	725	747
9	9	5	3	3	2	1	1	1	0	3	0	1	1	1	0	0	0	0	0	0	28	31	34	46	45	43
7	7	6	4	4	3	2	2	2	0	1	0	1	1	1	0	0	0	0	0	0	213	199	197	175	170	172
6	6	5	3	3	2	0	0	0	0	1	1	1	1	1	0	0	0	0	0	0	51	49	45	42	49	51
18	15	10	4	4	3	3	2	2	2	5	2	1	1	1	0	0	1	0	0	0	214	206	200	342	334	337
6	5	6	2	2	1	0	0	0	0	0	0	1	1	1	0	0	0	0	0	0	5	9	9	31	43	42
6	6	6	2	2	1	0	0	0	0	1	0	1	1	1	0	0	0	0	0	0	32	29	30	32	31	33
4	4	5	2	2	1	1	1	1	0	0	0	1	1	1	0	0	0	0	0	0	24	23	25	62	66	65
7	6	5	3	3	2	1	1	1	0	0	0	1	1	1	0	0	0	0	0	0	69	73	77	100	102	104
10	10	10	6	5	5	6	6	5	0	2	2	2	2	2	1	1	1	0	0	0	382	380	396	367	375	375
7	7	9	4	4	4	2	2	3	0	2	6	1	1	1	1	1	1	0	0	0	352	364	372	419	477	507
14	13	14	2	2	1	0	1	1	0	0	0	1	1	1	0	0	0	0	0	0	135	87	92	144	105	110
9	10	5	5	5	3	2	1	2	0	3	0	1	1	1	1	1	1	0	0	0	158	156	160	112	122	128
5	5	5	2	2	1	0	0	0	0	0	0	1	1	1	0	0	0	0	0	0	7	8	7	11	12	12
5	3	3	3	4	2	0	0	0	2	2	1	1	1	1	0	0	0	0	0	0	151	144	141	172	169	176
31	33	35	10	9	10	6	6	6	13	13	10	4	4	4	2	2	2	1	1	1	3.113	3.173	3.174	1.982	2.162	2.224
4	4	4	3	2	1	0	0	0	0	0	0	1	1	1	0	0	0	0	0	0	40	42	39	39	42	41
4	4	4	4	4	3	2	2	2	0	1	1	1	1	1	0	0	0	0	0	0	24	24	24	21	19	22
8	8	6	4	4	3	1	2	2	1	2	1	1	1	1	0	0	0	0	0	0	40	41	44	94	101	100
16	16	15	4	4	3	3	3	3	0	1	0	1	1	1	1	1	1	0	0	0	227	218	220	396	450	457
43	46	43	12	11	11	7	7	8	1	2	4	5	5	5	2	2	2	1	1	1	1.673	1.666	1.685	1.398	1.449	1.492
7	6	5	6	6	4	3	2	2	0	1	0	1	1	1	1	1	1	0	0	0	228	232	239	375	381	391
9	8	7	3	5	4	2	2	2	2	1	0	1	1	1	0	1	1	0	0	0	240	253	255	340	390	421
4	1	3	2	2	1	0	0	0	0	0	2	1	1	1	0	0	0	0	0	0	6	5	6	11	12	12
6	6	4	3	3	2	2	2	2	0	3	1	1	1	1	0	0	0	0	0	0	56	55	53	107	111	115
5	4	4	2	2	1	0	0	0	0	0	0	1	1	1	0	0	0	0	0	0	26	26	25	39	42	42
7	9	7	3	2	1	2	2	2	2	0	0	1	1	1	0	0	0	0	0	0	99	110	109	86	89	92
8	6	5	2	2	1	1	1	1	0	1	0	1	1	1	0	0	0	0	0	0	52	56	61	66	68	69
9	9	6	0	0	1	0	0	0	4	4	1	1	1	1	0	0	0	0	0	0	38	38	38	40	39	34
4	8	7	3	3	2	3	3	3	0	1	0	1	1	1	0	0	0	0	0	0	232	223	245	390	397	400
2	2	1	0	2	1	0	0	0	0	1	0	1	1	1	0	0	0	0	0	0	86	90	93	53	62	65
9	5	5	3	3	2	2	2	2	1	1	0	1	1	1	0	0	0	0	0	0	119	110	113	195	203	205
7	4	4	2	3	2	1	1	1	0	1	1	1	1	1	0	0	0	0	0	0	40	38	37	46	47	53
43	42	48	4	4	4	4	3	3	0	0	0	5	5	5	1	1	1	0	0	0	943	981	1.007	789	856	869
6	5	5	3	3	1	0	0	0	0	1	0	1	1	1	0	0	0	0	0	0	22	25	24	64	66	74
5	5	5	2	2	1	1	1	1	0	0	0	1	1	1	0	0	0	0	0	0	15	13	15	16	15	17
4	7	4	2	2	2	1	2	2	0	3	1	1	1	1	0	0	0	0	0	0	49	47	49	101	104	103
4	4	4	3	3	2	1	1	1	0	1	1	1	1	1	0	0	0	0	0	0	132	134	131	285	287	286
5	5	5	2	2	1	0	0	0	0	0	0	1	1	1	0	0	0	0	0	0	28	27	28	73	72	73
4	4	3	2	2	2	0	0	0	0	0	1	1	1	1	0	0	0	0	0	0	87	89	87	92	94	96
3	2	2	2	2	0	0	0	0	0	0	0	1	1	1	0	0	0	0	0	0	2	2	2	11	12	13
4	5	4	3	3	2	1	2	2	0	1	0	1	1	1	0	0	0	0	0	0	54	53	48	54	57	67
18	10	9	6	6	4	7	7	6	6	1	1	2	2	2	1	1	1	0	0	0	1.481	1.578	1.636	798	830	856
92	87	77	34	31	29	19	18	20	8	32	25	5	5	5	3	3	3	1	1	1	5.474	5.505	5.461	4.937	5.058	5.143
9	7	5	2	2	1	0	1	1	0	0	0	1	1	1	0	0	0	0	0	0	42	40	39	41	43	48
4	5	3	3	3	2	2	2	2	0	4	2	0	0	0	0	0	0	0	0	0	117	119	125	137	137	136
5	4	4	4	4	2	1	1	1	1	1	0	1	1	1	0	0	0	0	0	0	74	82	88	103	114	121
42	42	32	9	7	6	9	9	10	4	2	0	8	7	6	1	1	1	0	0	0	1.691	1.761	1.742	916	970	993
7	5	6	2	3	1	2	2	1	2	1	0	1	1	1	0	0	0	0	0	0	148	161	156	149	163	168
8	14	10	3	6	4	1	1	1	0	5	3	1	1	1	1	1	1	0	0	0	288	298	314	288	283	294
7	6	5	2	2	1	2	2	2	0	0	0	1	1	1	0	0	0	0	0	0	98	92	95	161	167	165
3	4	3	3	3	2	2	2	2	0	1	0	1	1	1	0	0	0	0	0	0	41	41	40	85	84	87
6	6	6	4	4	3	1	1	1	0	0	0	1	1	1	1	1	1	0	0	0	129	134	133	160	163	178
9	9	9	3	3	2	0	1	0	0	3	2	1	1	1	0	0	0	0	0	0	69	66	71	117	124	123
4	4	4	2	2	2	0	0	0	0	0	0	1	1	1	0	0	0	0	0	0	13	13	12	30	31	29
4	6	3	5	4	2	0	0	0	1	1	0	1	1	1	0	0	0	0	0	0	15	15	15	27	27	32
7	6	5	4	4	3	0	0	0	0	2	1	1	1	1	0	0	0	0	0	0	35	38	43	44	54	55
4	4	6	2	2	1	0	0	0	0	0	0	1	1	1	0	0	0	0	0	0	11	10	11	33	28	27
10	7	5	2	2	1	1	1	1	0	2	0	1	1	1	0	0	0	0	0	0	48	51	54	60	62	63
4	4	3	2	3	2	1	1	1	0	1	0	1	1	1	0	0	0	0	0	0	54	54	54	86	89	90
7	10	13	1	4	3	1	1	2	1	5	5	1	1	1	0	0	0	0	0	0	197	205	201	172	192	192
7	7	4	2	2	1	1	1	1	0	0	0	1	1	1	0	0	0	0	0	0	32	33	35	69	74	72
3	2	2	2	3	3	0	0	0	0	1	0	1	1	1	0	0	0	0	0	0	24	24	25	17	16	15
19	32	31	8	7	6	3	3	2	0	0	0	4	4	4	1	1	1	0	0	0	800	848	871	666	702	709
14	18	15	2	2	1	2	2	2	4	4	4	1	1	1	0	0	0	0	0	0	262	277	294	286	315	320
6	5	3	3	3	3	2	2	2	0	1	1	1	1	1	0	0	0	0	0	0	116	123	121	148	150	153
4	4	3	2	2	0	0	0	0	0	0	0	1	1	1	0	0	0	0	0	0	19	18	19	23	25	24
12	12	8	3	3	2	2	2	2	0	2	0	1	1	1	0	0	0	0	0	0	70	66	66	84	87	93
6	5	5	2	2	1	2	2	2	0	0	0	1	1	1	0	0	0	0	0	0	47	48	49	85	95	95
46	47	44	10	11	10	7	7	7	9	13	11	5	5	5	1	1	1	0	1	1	944	1.029	1.033	938	956	942
8	6	6	4	4	3	2	2	2	2	2	2	1	1	1	0	0	0	0	0	0	128	129	127	140	156	148
5	5	6	2	2	1	0	0	0	0	0	0	1	1	1	0	0	0	0	0	0	10	10	6	59	64	64
4	6	6	0	2	1	0	0	0	0	2	2	1	1	1	0	0	0	0	0	0	48	48	47	18	19	18
6	4	4	2	3	1	0	0	0	2	3	1	1	1	1	0	0	0	0	0	0	8	7	6	13	12	11
17	18	17	7	6	6	2	2	2	0	6	5	1	1	1	0	0	0	0	0	0	110	117	110	195	222	212
12	12	16	6	6	4	3	3	3	0	1	0	2	2	2	1	1	1	0	0	0	267	278	278	504	505	510
4	4	4	2	2	1	0	0	0	0	0	0	1	1	1	0	0	0	0	0	0	38	35	34	37	38	39
10	9	8	6	6	5	5	5	5	1	1	0	1	1	1	1	1	1	0	0	0	207	216	221	545	566	593
9	7	6	4	6	5	2	2	2	3	3	2	1	1	1	1	1	1	0	0	0	182	183	185	90	98	104
23	13	12	0	2	3	5	5	5	5	6	6	1	1	1	0	0	0	0	0	0	764	765	766	422	449	462
2	2	1	3	3	2	2	2	2	0	1	0	1	1	1	0	0	0	0	0	0	36	31	27	66	61	60
8	8	6	2	2	2	2	2	2	1	1	0	1	1	1	0	0	0	0	0	0	25	25	21	54	55	55
4	4	4	2	2	1	0	0	0	0	0	0	1	1	1	0	0	0	0	0	0	15	17	17	33	36	37
26	18	20	6	5	6	3	3	3	1	6	5	1	1	1	1	1	1	0	0	0	151	172	173	226	258	254
4	4	4	2	2	1	0	0	0	0	0	0	1	1	1	0	0	0	0	0	0	13	16	16	43	40	40
15	10	8	4	4	4	2	2	2	1	1	0	1	1	1	1	1	1	0	0	0	184	195	199	267	293	314
5	6	6	2	2	1	1	1	1	0	1	0	1	1	1	0	0	0	0	0	0	6	6	6	5	6	5
4	3	3	2	2	1	0	0	0	0	0	0	1	1	1	0	0	0	0	0	0	1	1	1	20	21	20
25	26	28	2	2	2	2	2	2	2	9	6	4	4	4	1	1	1	0	0	0	1.133	1.101	1.113	809	814	809
10	8	7	4	4	3	3	3	3	0	1	0	1	1	1	1	1	1	0	0	0	94	95	97	218	225	225
22	24	35	13	10	9	8	9	9	6	8	10	5	5	6	1	1	1	1	1	1	4.678	4.729	4.792	3.173	3.246	3.301
5	4	4	4	4	3	2	1	1	1	1	1	1	1	1	0	0	0	0	0	0	49	51	48	66	68	68
6	7	6	4	3	4	3	3	3	0	4	2	1	1	1	1	1	1	0	0	0	174	174	178	222	230	224
3	3	2	2	2	1	0	0	0	0	0	0	1	1	1	0	0	0	0	0	0	52	53	51	52	53	54
5	4	4	1	2	1	0	0	0	0	1	1	1	1	1	0	0	0	0	0	0	56	57	57	76	80	79
7	7	5	3	3	2	0	0	0	0	2	2	1	1	1	0	0	0	0	0	0	92	105	101	67	75	78
3	4	3	2	2	0	0	0	0	0	0	0	1	1	1	0	0	0	0	0	0	14	16	16	21	21	23
4	4	4	2	2	1	0	0	0	0	0	0	1	1	1	0	0	0	0	0	0	18	19	18	33	32	35
24	24	25	11	11	9	17	21	21	8	7	8	7	7	7	2	2	2	1	1	1	2.502	2.521	2.527	1.915	2.002	2.028
7	7	5	3	2	1	2	1	1	0	2	2	1	1	1	0	0	0	0	0	0	181	171	170	151	163	163
74	73	100	10	9	11	11	13	14	0	3	4	5	5	5	2	2	2	1	1	1	5.640	6.022	6.310	4.793	5.116	5.241
7	7	6	6	6	5	5	5	5	0	2	0	1	1	2	1	1	1	0	0	0	1.691	1.826	1.839	972	1.068	1.107
37	38	32	7	7	8	8	8	8	5	13	13	5	5	5	1	1	1	1	1	1	1.231	1.255	1.255	1.480	1.532	1.558
6	6	5	2	2	1	0	0	0	0	0	0	1	1	1	0	0	0	0	0	0	20	22	21	35	39	40
21	24	22	7	7	6	4	5	5	2	7	6	2	2	2	1	1	1	0	0	0	504	539	557	587	605	624
6	6	6	2	2	1	0	0	0	0	0	0	1	1	1	0	0	0	0	0	0	5	7	8	43	45	44
2	2	2	3	2	1	0	0	0	0	0	0	1	1	1	0	0	0	0	0	0	4	5	5	4	5	6
6	5	5	2	2	1	0	0	0	0	0	0	1	1	1	0	0	0	0	0	0	5	5	3	26	29	27
10	9	7	4	4	3	3	3	3	0	2	0	1	1	1	1	1	1	0	0	0	209	218	214	548	587	590
5	4	3	2	2	1	1	1	1	0	0	0	1	1	1	0	0	0	0	0	0	85	85	76	152	148	149
6	6	7	2	2	1	0	0	0	0	1	0	1	1	1	0	0	0	0	0	0	108	108	104	63	64	66
14	18	16	5	7	7	4	4	4	0	3	1	1	2	2	1	1	1	0	0	0	287	288	290	483	511	536
70	74	71	16	15	14	12	13	12	4	5	2	13	13	13	2	2	2	2	1	1	4.880	5.095	5.173	2.843	3.024	3.102
18	32	29	15	20	19	9	14	14	0	0	2	8	10	11	5	5	5	2	2	2	4.616	4.747	4.796	4.023	4.195	4.295
4	7	5	0	0	0	0	0	0	0	0	0	1	1	1	0	0	0	0	0	0	330	332	336	185	189	182
4	6	7	2	3	1	2	2	2	0	2	2	1	1	1	0	0	0	0	0	0	301	307	306	145	145	147
13	12	11	3	4	3	3	3	3	0	1	0	1	1	1	0	0	0	0	0	0	226	231	225	386	404	400
7	6	5	3	4	4	2	2	2	0	1	0	1	1	1	0	0	0	0	0	0	276	267	271	424	445	446
807	813	833	197	218	257	216	216	234	30	72	102	49	52	54	24	27	30	2	5	5	118.530	121.862	123.426	72.896	75.917	77.885
10	11	10	2	2	1	2	2	2	2	5	4	1	1	1	0	0	0	0	0	0	344	355	366	303	319	343
5	6	5	2	2	1	4	4	3	0	0	0	1	1	1	0	0	0	0	0	0	47	48	52	103	103	103
14	14	13	9	9	9	6	6	6	1	2	2	3	3	3	1	1	1	0	0	0	587	600	669	665	688	701
14	8	7	4	5	4	2	2	2	0	3	2	2	2	2	1	1	1	0	0	0	718	748	739	668	711	713
4	6	4	3	3	2	1	2	2	0	3	2	1	1	1	0	0	0	0	0	0	79	81	85	111	115	117
9	5	5	4	4	3	2	2	2	3	2	2	1	1	1	0	0	0	0	0	0	82	86	93	161	178	195
34	26	27	10	9	9	10	10	10	7	1	0	5	5	5	2	2	2	1	1	1	2.213	2.306	2.365	2.227	2.332	2.373
3	2	9	3	2	1	2	2	2	0	1	6	1	1	1	0	0	0	0	0	0	102	101	101	196	192	191
3	3	2	2	2	2	1	1	1	0	0	0	1	1	1	0	0	0	0	0	0	38	32	31	85	83	84
15	7	7	2	2	1	2	3	3	0	0	0	1	1	1	0	0	0	0	0	0	18	22	24	25	23	26
4	3	3	3	3	3	2	2	2	1	2	1	1	1	1	0	0	0	0	0	0	62	64	61	122	122	119
4	10	11	1	4	3	2	2	2	0	2	0	1	1	1	1	1	1	0	0	0	230	228	233	187	192	200
10	11	9	4	4	4	2	2	2	2	4	3	1	1	1	1	1	1	0	0	0	263	279	268	403	404	406
38	40	37	6	7	6	11	6	6	10	11	8	5	5	5	1	1	1	1	1	1	985	980	969	1.013	1.037	1.050
4	4	4	2	2	2	2	2	3	0	0	0	1	1	1	0	0	0	0	0	0	355	364	357	237	250	263
4	6	5	4	4	3	1	1	3	0	0	0	1	1	1	1	1	1	0	0	0	52	66	69	139	142	147
8	10	10	3	3	2	3	3	3	0	1	1	1	1	1	0	0	0	0	0	0	47	46	49	59	62	67
10	11	10	5	4	4	4	5	3	1	5	4	1	1	1	1	1	1	0	0	0	235	277	288	373	386	395
90	96	94	22	25	24	25	21	24	15	17	17	10	10	10	3	3	3	1	1	1	2.702	2.902	2.946	3.097	3.376	3.459
3	4	3	3	3	2	0	0	0	0	1	0	1	1	1	0	0	0	0	0	0	44	44	43	58	62	67
23	20	18	5	5	6	3	3	3	0	2	1	6	6	6	1	1	1	0	0	0	2.046	2.190	2.295	1.645	1.750	1.805
4	4	3	2	2	2	0	0	0	0	1	0	1	1	1	0	0	0	0	0	0	14	21	21	28	28	30
19	21	21	4	4	3	7	8	9	1	2	2	4	4	4	1	1	1	0	0	0	2.616	2.632	2.661	2.331	2.512	2.589
8	7	5	5	5	4	2	2	2	1	2	0	1	1	1	1	1	1	0	0	0	80	75	76	106	105	113
2	5	6	3	3	2	1	1	1	0	1	0	0	1	1	0	0	0	0	0	0	73	68	67	90	93	98
34	34	35	6	6	5	5	6	6	3	3	3	6	6	6	1	1	1	1	1	1	2.924	3.401	3.523	2.412	2.514	2.615
2	2	2	2	1	1	0	0	0	0	0	0	1	1	1	0	0	0	0	0	0	23	21	19	57	57	60
4	4	4	4	3	2	2	2	2	0	0	0	1	1	1	0	0	0	0	0	0	53	56	59	115	120	119
4	4	5	3	3	2	0	0	0	0	1	0	1	1	1	0	0	0	0	0	0	47	46	46	55	60	58
5	3	4	0	2	1	0	0	0	0	1	1	1	1	1	0	0	0	0	0	0	48	45	47	51	48	47
8	6	5	3	3	2	3	2	2	0	1	0	1	1	1	0	0	0	0	0	0	122	122	122	132	142	147
8	8	6	4	4	3	3	3	3	0	2	0	1	1	1	1	1	1	0	0	0	352	554	801	449	495	532
7	5	6	0	1	1	0	0	0	0	0	2	1	1	1	0	0	0	0	0	0	60	68	69	70	69	69
4	4	3	3	3	3	1	1	1	0	2	1	1	1	1	0	0	0	0	0	0	64	68	68	89	96	105
3	3	3	1	1	2	0	0	0	1	2	2	1	1	1	0	0	0	0	0	0	6	4	5	23	22	21
10	17	20	4	4	3	4	3	3	0	5	4	2	2	2	1	1	1	0	0	0	445	447	450	567	580	576
13	14	13	5	5	4	6	5	4	0	1	0	2	2	2	1	1	1	0	0	0	193	233	250	484	510	512
5	5	5	2	2	1	1	1	1	0	0	0	1	1	1	0	0	0	0	0	0	11	13	16	32	35	35
4	4	4	2	2	1	0	0	0	0	0	0	1	1	1	0	0	0	0	0	0	46	44	44	55	57	60
5	5	5	6	5	4	2	2	2	2	1	1	1	1	1	1	1	1	0	0	0	69	70	72	109	110	117
15	16	15	5	5	5	6	6	6	0	1	1	3	4	4	1	1	1	0	0	0	541	550	573	869	932	940
20	21	24	5	5	5	9	10	10	0	1	2	4	4	4	0	1	1	1	1	1	2.414	2.521	2.549	2.054	2.196	2.247
9	9	9	2	2	1	1	1	1	0	0	0	1	1	1	0	0	0	0	0	0	12	10	11	26	31	34
7	8	5	4	4	3	2	2	2	0	1	0	1	1	1	1	1	1	0	0	0	121	124	128	198	199	211
8	7	6	3	3	3	1	1	2	0	1	1	1	1	1	0	0	0	0	0	0	31	34	32	42	41	43
24	26	20	5	5	4	4	6	4	2	4	3	2	2	2	1	1	1	0	0	0	220	223	221	171	191	196
6	4	4	2	2	1	1	1	1	0	0	0	1	1	1	0	0	0	0	0	0	14	16	16	54	55	54
5	4	3	2	2	1	0	0	0	0	0	0	1	1	1	0	0	0	0	0	0	18	19	18	31	32	32
5	5	4	3	3	3	4	3	2	0	1	1	1	1	1	0	0	0	0	0	0	121	116	115	67	68	74
1	0	2	2	2	1	0	0	0	0	0	1	0	0	0	0	0	0	0	0	0	1	3	4	6	8	7
13	18	18	4	3	2	2	2	2	0	3	3	1	1	1	0	0	0	0	0	0	256	251	254	179	190	189
7	4	5	2	2	1	0	0	0	0	0	0	1	1	1	0	0	0	0	0	0	29	29	31	75	76	83
7	3	3	0	0	0	0	0	0	0	1	0	1	1	1	0	0	0	0	0	0	23	26	26	24	25	26
9	8	7	4	4	3	4	5	6	0	1	0	2	2	2	1	1	1	0	0	0	726	732	733	917	942	972
9	8	9	3	3	2	2	3	3	1	1	0	1	1	1	0	0	0	0	0	0	67	65	72	183	196	194
4	4	5	2	2	0	0	0	0	0	0	0	1	1	1	0	0	0	0	0	0	9	8	8	28	24	29
9	4	5	2	2	1	0	0	0	0	0	0	1	1	1	0	0	0	0	0	0	5	5	7	14	15	14
6	7	4	2	2	1	1	1	1	0	2	0	1	1	1	0	0	0	0	0	0	42	41	40	29	32	36
12	12	13	4	3	4	6	5	5	5	3	2	1	1	1	0	0	1	0	0	0	1.270	1.340	1.377	853	897	925
7	5	6	4	4	3	0	0	0	0	1	2	1	1	1	0	0	0	0	0	0	23	26	26	38	40	40
6	7	5	2	2	1	2	2	2	0	2	0	1	1	1	0	0	0	0	0	0	102	107	116	105	116	119
9	7	5	2	2	1	0	0	0	0	2	0	1	1	1	0	0	0	0	0	0	13	11	11	15	18	18
7	6	6	2	2	1	2	2	2	0	0	0	1	1	1	0	0	0	0	0	0	89	90	85	173	181	183
5	4	4	2	3	2	0	0	0	0	1	1	1	1	1	0	0	0	0	0	0	9	8	9	14	14	15
10	10	8	3	3	2	2	2	2	0	3	1	1	1	1	0	0	0	0	0	0	124	132	131	138	142	142
5	6	5	2	2	2	1	1	1	0	0	0	1	1	1	0	0	0	0	0	0	68	69	73	105	127	134
27	22	22	4	6	4	5	4	4	1	12	13	3	3	3	1	1	1	0	0	0	624	654	669	524	552	561
5	5	4	3	4	3	2	2	2	0	1	0	1	1	1	0	1	1	0	0	0	131	121	121	272	289	285
3	3	3	1	2	1	0	0	0	0	1	1	1	1	1	0	0	0	0	0	0	57	62	68	58	60	60
8	9	5	4	4	4	3	3	3	0	3	2	1	1	1	0	1	1	0	0	0	253	244	236	324	334	335
12	12	14	3	3	2	2	1	1	2	6	4	1	1	2	0	0	0	0	0	0	452	473	470	357	354	359
19	19	18	4	5	6	2	4	5	1	3	2	3	3	3	1	1	1	0	0	0	976	1.011	1.103	777	856	897
4	3	3	4	2	1	3	3	3	0	0	0	1	1	1	0	0	0	0	0	0	133	129	124	136	144	139
20	12	13	9	8	6	3	3	3	9	2	2	2	3	3	1	1	1	0	0	0	264	278	294	151	160	169
8	8	7	3	3	2	1	1	1	0	1	0	1	1	1	0	0	0	0	0	0	92	96	93	103	115	120
4	4	4	2	2	1	1	1	1	0	0	0	1	1	1	0	0	0	0	0	0	39	44	43	37	40	40
6	5	5	2	2	1	1	1	1	0	0	0	1	1	1	0	0	0	0	0	0	2	2	2	10	13	11
25	20	16	10	7	7	4	3	3	0	4	1	2	2	2	1	1	1	0	0	0	445	502	546	564	582	586
22	19	18	9	10	9	7	7	7	0	3	0	3	3	3	1	1	1	0	0	0	886	957	989	1.065	1.156	1.194
6	7	5	2	2	1	0	0	0	0	2	0	1	1	1	0	0	0	0	0	0	2	2	2	14	16	18
