1	 1,00 	0,71
2	 0,57 	0,76
3	 0,53 	0,66
4	 0,16 	0,81
5	 0,87 	0,64
6	 0,87 	0,81
7	 0,20 	0,81
8	 1,00 	0,79
9	 0,69 	0,84
10	 0,32 	0,8
11	 0,60 	0,89
12	 0,33 	0,72
13	 0,47 	0,79
14	 0,87 	0,78
15	 0,87 	0,9
16	 0,87 	0,77
17	 0,96 	0,88
18	 0   	0,84
19	 0,92 	0,73
20	 0,72 	0,68
21	 0,87 	0,79
22	 0,87 	0,76
23	 0,20 	0,81
24	 0,69 	0,69
25	 0,50 	0,76
26	 0,60 	0,68
27	 0,30 	0,8
28	 0,60 	0,77
29	 0,47 	0,78
30	 0,86 	0,78
31	 0,80 	0,71
32	 0,87 	0,8
33	 0,87 	0,67
34	 0,87 	0,92
35	 0,53 	0,84
36	 0,68 	0,81
37	 0,83 	0,71
38	 0,60 	0,79
39	 0,20 	0,91
40	 0,86 	0,65
41	 0,60 	0,84
42	 0,82 	0,8
43	 0,73 	0,77
44	 0,60 	0,79
45	 0,84 	0,7
46	 0,60 	0,89
47	 0,78 	0,63
48	 0,80 	0,67
49	 0,47 	0,74
50	 0,87 	0,86
51	 0,60 	0,74
52	 0,73 	0,73
53	 1,00 	0,72
54	 0,87 	0,8
55	 0,87 	0,76
56	 0,52 	0,81
57	 0,86 	0,85
58	 0,73 	0,8
59	 1,00 	0,84
60	 0,33 	0,71
61	 0,48 	0,84
62	 0,87 	0,73
63	 0,73 	0,69
64	 0,73 	0,84
65	 0,89 	0,71
66	 0,69 	0,71
67	 0,67 	0,73
68	 0,63 	0,69
69	 0,69 	0,74
70	 0,55 	0,72
71	 0,87 	0,74
72	 0,67 	0,59
73	 0,33 	0,8
74	 0,84 	0,75
75	 0,73 	0,78
76	 0,03 	0,7
77	 0,75 	0,75
78	 0,60 	0,8
79	 0,76 	0,87
80	 0,93 	0,84
81	 0,70 	0,89
82	 0,20 	0
83	 0,87 	0,82
84	 0,81 	0,77
85	 0,87 	0,87
86	 0,92 	0,78
87	 0,67 	0,71
88	 0,87 	0,72
89	 0,47 	0,84
90	 0,85 	0,81
91	 0,87 	0,73
92	 0,20 	0,74
93	 1,00 	0,72
94	 0,87 	0,83
95	 0,96 	0,84
96	 0,60 	0,82
97	 0,80 	0,65
98	 0,77 	0,76
99	 0,87 	0,83
100	 0,44 	0,85
101	 0,60 	0,89
102	 0,27 	0,9
103	 0,33 	0,77
104	 0,73 	0,76
105	 0,87 	0,74
106	 1,00 	0,74
107	 1,00 	0,8
108	 0,68 	0,79
109	 0,73 	0,71
110	 0,78 	0,69
111	 0,87 	0,64
112	 1,00 	0,77
113	 0,77 	0,71
114	 0,57 	0,84
115	 1,00 	0,66
116	 0,99 	0,75
117	 0,86 	0,85
118	 0,87 	0,88
119	 0,81 	0,82
120	 0,78 	0,79
121	 0,93 	0,8
122	 0,41 	0,63
123	 1,00 	0,76
124	 0,94 	0,83
125	 0,60 	0,83
126	 0,77 	0,87
127	 0,78 	0,82
128	 0,76 	0,86
129	 0,87 	0,75
130	 0,68 	0,78
131	 0,73 	0,6
132	 0,33 	0,69
133	 0,87 	0,78
134	 0,89 	0,72
135	 0,87 	0,88
136	 0,60 	0,7
137	 0,87 	0,79
138	 0,60 	0,83
139	 0,70 	0,72
140	 0,70 	0,86
141	 0,86 	0,88
142	 0,87 	0,86
143	 0,57 	0,77
144	 0,85 	0,79
145	 0,60 	0
146	 0,80 	0,65
147	 1,00 	0,74
148	 1,00 	0,84
149	 0,28 	0,89
150	 0,65 	0,68
151	 0,27 	0,63
152	 0,67 	0,82
153	 0,86 	0,84
154	 0,90 	0,69
155	 0,77 	0,8
156	 0,99 	0,74
157	 0,56 	0,78
158	 0,54 	0,77
159	 0,47 	0,8
160	 0,20 	0,77
161	 0,87 	0,77
162	 0,73 	0,78
163	 0,78 	0,76
164	 1,00 	0,83
165	 0,75 	0,72
166	 0,87 	0,74
167	 0,87 	0,9
168	 0,73 	0,77
169	 0,67 	0,83
170	 0,64 	0,8
171	 0,60 	0,88
172	 0,70 	0,79
173	 0,80 	0,78
174	 0,84 	0,69
175	 0,60 	0,81
176	 0,87 	0,74
177	 0,60 	0,78
178	 0,33 	0,7
179	 1,00 	0,74
180	 0,80 	0,84
181	 0,67 	0,82
182	 0,15 	0,78
183	 0,80 	0,73
184	 0,44 	0
185	 0,87 	0,85
186	 0,87 	0,83
187	 0,60 	0,77
188	 0,76 	0,73
189	 0,57 	0,81
190	 0,90 	0,83
191	 0,60 	0,81
192	 0,05 	0,78
193	 0,93 	0,75
194	 0,86 	0,68
195	 0,40 	0,83
196	 0,87 	0,72
197	 0,82 	0,71
198	 0,60 	0,84
199	 0,61 	0,71
200	 0,87 	0,83
201	 0,69 	0,79
202	 1,00 	0,83
203	 0,87 	0,73
204	 0,87 	0,76
205	 0,87 	0,83
206	 0,83 	0,79
207	 0,60 	0,93
208	 0,86 	0,78
209	 0,87 	0,77
210	 0,99 	0,69
211	 0,63 	0,67
212	 1,00 	0,76
213	 0,87 	0,76
214	 0,93 	0,59
215	 0,70 	0,65
216	 0,57 	0
217	 0,60 	0,84
218	 0,87 	0,77
219	 0,23 	0,64
220	 0,86 	0,71
221	 0,87 	0,75
222	 0,77 	0,81
223	 0,87 	0,87
224	 0,33 	0,72
225	 0,96 	0,77
226	 0,85 	0,85
227	 0,78 	0,78
228	 0,13 	0,83
229	 1,00 	0,77
230	 0,60 	0,76
231	 0,87 	0,81
232	 1,00 	0,67
233	 0,87 	0
234	 0,87 	0,76
235	 0,83 	0,78
236	 0,60 	0,89
237	 0,96 	0,71
238	 0,79 	0,84
239	 0,27 	0
240	 1,00 	0,84
241	 0,87 	0,8
242	 0,73 	0,88
243	 0,60 	0,85
244	 0,80 	0,73
245	 1,00 	0,8
246	 0,60 	0,95
247	 0,58 	0,83
248	 0,87 	0,73
249	 0,87 	0,72
250	 0,99 	0,52
251	 0,87 	0,8
252	 0,66 	0,68
253	 1,00 	0,81
254	 0,57 	0,73
255	 0,50 	0,73
256	 0,87 	0,96
257	 0,60 	0,72
258	 0,61 	0,72
259	 0,79 	0,82
260	 0,51 	0,66
261	 0,87 	0,73
262	 0,60 	0,88
263	 1,00 	0,71
264	 0,84 	0,81
265	 0,58 	0,77
266	 0,87 	0,81
267	 0,49 	0,73
268	 0,93 	0,84
269	 0,80 	0,69
270	 0,73 	0,61
271	 0,33 	0,78
272	 1,00 	0,74
273	 0,47 	0,83
274	 0,54 	0,83
275	 0,95 	0,77
276	 0,57 	0,62
277	 0,73 	0,66
278	 0,49 	0,83
279	 0,76 	0,72
280	 0,77 	0,66
281	 0,53 	0,7
282	 0,87 	0,75
283	 0,60 	0,81
284	 0,86 	0,7
285	 0,40 	0,76
286	 0,58 	0,73
287	 0,87 	0,75
288	 0,19 	0,7
289	 0,78 	0,71
290	 0,87 	0,93
291	 0,53 	0,93
292	 0,40 	0,8
293	 0,87 	0,78
294	 1,00 	0,84
295	 0,87 	0,67
296	 0,63 	0,69
297	 0,87 	0,89
298	 0,83 	0,75
299	 0,87 	0,76
300	 0,60 	0,8
301	 0,71 	0,85
302	 0,87 	0,73
303	 0,87 	0,85
304	 0,52 	0,79
305	 0,69 	0,81
306	 0,93 	0,76
307	 0,56 	0,74
308	 1,00 	0,8
309	 0,58 	0,75
310	 0,52 	0,85
311	 0,58 	0,83
312	 1,00 	0,89
313	 0,87 	0,78
314	 0,87 	0,85
315	 1,00 	0,83
316	 0,55 	0,8
317	 0,99 	0,82
318	 1,00 	0,86
319	 1,00 	0,79
320	 1,00 	0,82
321	 0,93 	0,77
322	 0,68 	0,8
323	 0,60 	0,69
324	 0,87 	0,77
325	 0,69 	0,75
326	 0,47 	0,74
327	 0,93 	0,83
328	 1,00 	0,76
329	 0,57 	0,71
330	 0,99 	0,93
331	 0,60 	0,84
332	 0,82 	0,78
333	 0,86 	0,77
334	 0,93 	0,89
335	 0,57 	0,82
336	 0,85 	0,84
337	 1,00 	0,69
338	 0,60 	0,82
339	 1,00 	0,88
340	 0,53 	0,71
341	 1,00 	0,66
342	 0,20 	0,87
343	 0,87 	0,77
344	 0,60 	0,6
345	 0,86 	0,8
346	 0,89 	0,74
347	 0,69 	0,72
348	 0,63 	0,65
349	 0,33 	0,86
350	 0,86 	0,83
351	 0,68 	0,77
352	 0,97 	0,73
353	 0,73 	0,77
354	 0,87 	0,58
355	 0,89 	0,69
356	 0,86 	0,86
357	 0,71 	0,78
358	 0,44 	0,83
359	 1,00 	0,74
360	 0,32 	0,79
361	 0,20 	0
362	 0,73 	0,78
363	 0   	0,83
364	 0,60 	0,76
365	 0,33 	0,73
366	 0,27 	0,77
367	 0,60 	0,77
368	 0,87 	0,67
369	 0,60 	0,79
370	 0,75 	0,75
371	 0,60 	0,85
372	 0,60 	0,83
373	 0,87 	0,79
374	 0,86 	0,87
375	 0,82 	0,71
376	 0,87 	0,84
377	 0,70 	0,84
378	 0,60 	0,78
379	 0,70 	0,79
380	 0,87 	0,8
381	 0,87 	0,75
382	 0,36 	0,72
383	 0,77 	0,74
384	 0,73 	0,82
385	 0,93 	0,71
386	 0,87 	0,79
387	 0,20 	0,81
388	 0,59 	0,69
389	 0,87 	0,78
390	 0,65 	0,61
391	 1,00 	0,79
392	 0,66 	0,88
393	 0,96 	0,72
394	 0,83 	0,84
395	 0,87 	0,76
396	 0,96 	0,78
397	 0,87 	0,74
398	 0,68 	0,82
399	 0,60 	0,75
400	 0,60 	0,78
401	 0,87 	0,79
402	 0,80 	0,82
403	 0,53 	0,79
404	 0,87 	0,84
405	 0,80 	0,72
406	 0,20 	0,75
407	 0,83 	0,83
408	 0,87 	0,81
409	 0,87 	0,82
410	 0,87 	0,85
411	 0,52 	0,76
412	 0,86 	0,79
413	 0,27 	0,72
414	 0,80 	0,85
415	 0,44 	0,72
416	 0,87 	0,74
417	 0,50 	0,8
418	 0,57 	0,79
419	 0,60 	0,76
420	 0,60 	0,66
421	 0,73 	0,93
422	 0,47 	0,79
423	 0,60 	0,8
424	 0,16 	0,75
425	 0,87 	0,7
426	 0,93 	0,68
427	 0,87 	0,95
428	 0,42 	0,83
429	 0,87 	0,84
430	 0,47 	0,71
431	 0,65 	0,79
432	 0,77 	0,69
433	 0,87 	0,83
434	 0,85 	0,77
435	 0,96 	0,81
436	 0,78 	0,76
437	 1,00 	0,85
438	 0,86 	0,86
439	 0,80 	0,79
440	 0,60 	0,76
441	 0,73 	0,84
442	 0,80 	0,68
443	 0,87 	0,84
444	 0,47 	0,79
445	 0,73 	0,84
446	 0,87 	0,88
447	 0,80 	0,81
448	 0,87 	0,85
449	 0,87 	0,8
450	 0,77 	0,73
451	 0,87 	0,73
452	 1,00 	0,81
453	 1,00 	0,81
454	 1,00 	0,71
455	 0,87 	0,72
456	 0,80 	0,7
457	 0,83 	0,71
458	 0,87 	0,75
459	 0,78 	0,85
460	 0,60 	0,86
461	 0,13 	0,72
462	 0,73 	0,67
463	 1,00 	0,8
464	 0,60 	0,76
465	 0,87 	0,74
466	 0,96 	0,7
467	 0,87 	0,77
468	 0,87 	0,74
469	 0,48 	0,76
470	 0,60 	0,77
471	 1,00 	0,79
472	 0,81 	0,82
473	 0,66 	0,79
474	 0,87 	0,88
475	 0,73 	0,7
476	 0,26 	0,85
477	 0,40 	0,72
478	 0,81 	0,77
479	 0,67 	0,63
480	 0,81 	0,86
481	 0,73 	0,81
482	 0,60 	0,86
483	 0,60 	0,82
484	 0,87 	0
485	 0,87 	0
486	 0,85 	0,85
487	 0,70 	0,86
488	 1,00 	0,9
489	 0,34 	0,74
490	 0,87 	0,7
491	 0,41 	0,83
492	 0,14 	0,84
493	 0,87 	0,71
494	 0,67 	0,69
495	 0,71 	0,65
496	 0,76 	0,65
497	 0,73 	0,75
498	 0,73 	0,82
499	 0,73 	0,73
500	 0,75 	0,8
501	 0,46 	0,82
502	 1,00 	0,76
503	 1,00 	0,8
504	 0,73 	0,8
505	 0,87 	0,82
506	 0,82 	0,87
507	 0,87 	0,78
508	 1,00 	0,86
509	 0,85 	0,79
510	 0,73 	0,7
511	 0,72 	0,69
512	 0,60 	0,7
513	 0,59 	0,79
514	 0,57 	0,88
515	 0,93 	0,72
516	 0,81 	0,81
517	 0,58 	0,8
518	 0,52 	0,86
519	 1,00 	0,67
520	 0,55 	0,85
521	 0,87 	0,79
522	 0,87 	0,76
523	 0,87 	0,85
524	 0,90 	0,8
525	 0,81 	0,73
526	 0,60 	0,73
527	 0,42 	0,77
528	 0,60 	0,87
529	 1,00 	0,87
530	 0,55 	0,85
531	 0,86 	0,84
532	 0,45 	0,77
533	 0,60 	0,84
534	 0,73 	0,66
535	 0,73 	0,84
536	 0,60 	0,83
537	 1,00 	0,72
538	 0,46 	0,82
539	 0,73 	0,8
540	 0,99 	0,87
541	 0,87 	0,79
542	 0,80 	0,74
543	 0,38 	0,82
544	 0,53 	0,82
545	 0,77 	0,83
546	 0,20 	0
547	 0,73 	0,74
548	 0,83 	0,89
549	 0,57 	0,68
550	 0,87 	0,74
551	 0,93 	0,61
552	 0,60 	0
553	 0,48 	0,95
554	 0,55 	0,76
555	 0,83 	0,78
556	 0,84 	0,82
557	 0,87 	0,82
558	 1,00 	0,77
559	 0,83 	0,77
560	 0,63 	0,76
561	 0,30 	0,83
562	 0,87 	0
563	 0,73 	0,71
564	 0,81 	0,84
565	 0,77 	0,72
566	 0,60 	0,73
567	 0,59 	0,82
568	 0,60 	0,74
569	 0,73 	0,78
570	 0,86 	0
571	 0,36 	0,76
572	 0,99 	0,75
573	 0,80 	0,66
574	 1,00 	0,85
575	 1,00 	0,78
576	 0   	0,7
577	 0,87 	0,85
578	 1,00 	0,78
579	 0,76 	0,69
580	 0,73 	0,72
581	 0,59 	0,77
582	 0,77 	0,81
583	 0,79 	0,75
584	 0,72 	0,7
585	 0,87 	0,8
586	 0,75 	0,79
587	 1,00 	0,82
588	 0,83 	0,71
589	 0,83 	0,72
590	 0,01 	0,82
591	 0,87 	0,7
592	 0,87 	0,76
593	 0,98 	0,83
594	 0,87 	0,81
595	 0,68 	0,74
596	 0,94 	0,81
597	 0,84 	0,83
598	 0,81 	0,82
599	 0,33 	0,78
600	 0,71 	0,9
601	 0,60 	0,67
602	 0,93 	0,79
603	 0,87 	0
604	 0,87 	0,79
605	 0,87 	0,85
606	 0,56 	0,61
607	 0,51 	0,8
608	 0,60 	0,78
609	 0,87 	0,86
610	 0,87 	0,81
611	 0,84 	0,79
612	 0,60 	0,84
613	 0,60 	0,85
614	 0,87 	0,81
615	 0   	0
616	 0,60 	0,77
617	 0,47 	0,83
618	 0,60 	0,69
619	 0,80 	0,71
620	 0,87 	0,79
621	 0,73 	0,8
622	 0,63 	0,74
623	 0,97 	0,8
624	 0,13 	0,68
625	 0,40 	0,83
626	 0,98 	0,73
627	 1,00 	0,8
628	 0,60 	0,74
629	 0,73 	0,74
630	 0,64 	0,74
631	 0,87 	0,86
632	 0,69 	0,71
633	 0,73 	0,68
634	 0,69 	0,76
635	 0,52 	0,81
636	 0,87 	0,79
637	 0,52 	0,67
638	 1,00 	0,79
639	 0,67 	0,78
640	 1,00 	0,71
641	 0,92 	0,73
642	 0,69 	0,85
643	 0,46 	0,69
644	 0,91 	0,82
645	 1,00 	0,8
