216	395
19	17
174	330
78	49
129	155
39	46
48	27
324	445
23	41
20	28
42	57
118	181
27	38
63	89
35	75
181	167
12	22
15	52
1.517	907
156	245
85	94
409	393
47	26
589	732
95	560
20	55
15	47
580	577
25	66
273	545
179	114
2.241	2.321
211	188
26	24
30	73
16	20
1.616	1.551
788	857
7	13
61	76
50	44
43	82
40	54
424	297
791	552
8	18
780	870
1.224	953
96	144
33	43
43	104
575	1.039
207	120
3	10
70	86
133	117
20	15
53	105
241	193
229	208
11	40
180	192
1.122	1.564
192	430
2.498	1.778
191	170
420	480
2.964	2.997
789	757
13	27
94	136
500	300
31	86
626	1.211
392	331
160	153
80	99
96	101
332	308
179	127
5	35
4	14
15	24
84	103
12	11
693	1.327
1.965	1.564
20	42
13	34
198	197
215	170
188	221
97	382
26	51
34	47
393	325
697	952
222	302
132	272
127	159
15	24
869	437
8	17
244	314
538	618
36	58
308	362
22	78
7.433	6.802
698	565
478	625
34	65
233	126
15	12
178	464
25	28
20	42
722	911
92	220
365	420
1.584	1.501
2.784	1.911
149	265
232	562
36	27
188	253
1.097	1.029
34	40
120	54
102	232
184	193
84	155
87	82
75	125
28	57
130	243
68	60
205	308
80	206
132	94
21	46
42	110
28	22
603	510
119	94
1.982	1.759
346	380
40	61
13	25
428	730
1.027	1.144
377	374
173	185
4.801	4.065
9	19
73	194
24	38
158	248
11	51
37	46
254	529
123	124
69	53
69	77
248	281
191	98
8	23
12	19
2.007	1.478
1.021	717
4	15
83	108
283	419
28	48
32	49
4	14
51	85
58	77
119	301
36	37
480	753
6	7
1.200	1.313
4	30
19	47
53	135
34	25
2.536	3.388
1.176	1.227
862	776
4	28
64	92
274	442
16	61
14	25
94	216
49	111
20	49
72	66
25	64
239	465
199	141
184	603
36	244
81	89
113	124
17	31
46	75
244	621
314	184
841	915
54	169
262	476
2.917	2.619
10.317	8.236
32	67
13	61
87	129
41	32
1.638	1.321
99	71
58	84
26	55
122	259
127	104
62	78
418	356
872	984
65	69
92	193
144	198
137	189
123	71
483	501
162	89
149	223
319	244
1.816	1.222
37	64
25	69
26	39
56	114
124	122
77	33
45	30
44	61
36	185
111	71
52	70
41	85
119	254
185	403
165	101
13	19
2.090	1.434
19	29
4.237	2.757
1.096	1.935
839	1.244
1.177	1.324
485	639
35	30
161	220
137	226
60	107
24	79
2.760	2.681
414	481
302	231
701	656
111	198
138	84
33	70
45	70
1.300	1.047
263	195
201	512
42	62
957	764
1.450	1.520
31	158
273	287
332	184
604	752
48	30
672	542
341	386
283	210
804	869
27	48
78	102
11	41
288	326
18	41
10	4
2.061	2.044
108	245
479	431
580	386
137	76
158	349
30	64
33	51
735	859
326	573
2.297	1.908
49	63
599	638
577	587
2	23
179	171
153	254
8	15
55	133
18	65
42	47
4	18
79	166
52	102
9	50
25	62
267	281
809	460
42	80
14	22
55	135
10	19
16	33
2.561	2.356
10	29
270	433
660	592
3.508	2.729
52	38
23	40
13	9
122	326
91	89
37	31
451	410
223	331
83	209
574	510
32	54
492	769
3.741	3.368
616	957
619	652
22	37
11	52
1.134	580
32	31
433	408
342	224
162	197
19	84
496	429
135	66
131	319
93	85
8	18
32	49
23	35
34	42
100	59
120	143
93	105
93	303
17	51
45	47
27	76
4	16
0	2
31	48
165	214
5	45
17	36
17	50
383	184
18	35
478	419
23	89
48	72
10	19
502	492
19	26
49	74
29	23
187	343
5.769	4.430
28	29
281	307
952	1.146
38	153
74	151
87	129
73	110
27	76
64	146
196	232
117	228
235	472
357	259
29	31
82	281
27	55
105	149
52	60
240	277
27	25
66	167
41	79
462	310
6	14
108	145
278	396
29	72
10	35
86	201
197	187
8	36
205	159
421	648
277	363
41	64
1.586	931
18	83
493	520
209	289
1.574	1.655
107	129
86	90
7	39
80	86
257	203
2.424	2.358
179	441
261	308
73	67
96	87
204	241
371	564
86	105
202	315
14	55
26	47
732	726
30	46
197	170
50	48
208	335
9	43
30	31
23	66
71	102
383	376
364	472
87	105
156	122
8	12
144	172
3.173	2.151
42	43
24	20
41	101
220	452
1.670	1.443
230	379
255	385
5	11
55	110
25	42
110	90
55	69
38	40
228	399
91	61
113	204
36	47
978	848
25	67
13	15
48	105
134	286
27	72
89	94
2	13
54	58
1.566	828
5.497	5.056
41	43
119	137
80	115
1.753	968
158	163
298	284
92	168
41	85
133	166
65	124
14	31
15	27
38	54
10	29
51	63
55	90
202	192
32	75
24	16
843	697
276	309
121	151
18	24
67	86
47	95
1.027	958
128	155
10	64
48	19
7	12
118	220
277	506
35	37
215	566
184	97
769	445
31	60
25	55
18	36
169	259
16	41
193	290
6	6
1	20
1.093	815
93	228
4.739	3.240
50	68
174	227
50	53
58	80
105	75
16	21
19	33
2.515	1.998
172	163
5.998	5.102
1.826	1.069
1.257	1.529
22	39
540	608
7	45
5	5
5	29
217	585
85	148
108	64
287	505
5.076	3.017
4.743	4.183
335	190
308	144
228	402
266	444
121.822	75.782
357	315
48	104
601	691
740	711
82	116
86	178
2.312	2.322
102	190
32	84
22	23
62	122
228	192
279	403
983	1.031
361	247
62	142
45	62
275	384
2.886	3.350
45	62
2.151	1.745
21	28
2.636	2.496
75	106
69	91
3.389	2.503
21	57
54	120
46	60
43	49
121	142
518	497
67	71
67	98
4	21
446	582
231	511
14	33
44	57
69	109
549	924
2.482	2.185
10	31
124	199
34	43
224	189
16	55
19	33
115	68
3	8
248	191
29	76
26	25
732	939
67	196
9	24
5	16
41	32
1.336	898
25	39
108	115
12	19
89	179
8	13
132	141
68	126
647	550
123	287
63	59
248	333
472	353
1.012	857
128	145
279	161
94	115
44	39
2	14
498	584
947	1.156
2	15
