2169	2	477	14622
3049	2	252	10753
18019	2	245	8191
20610	2	316	7145
22251	2	308	1298
31219	2	625	6595
32056	2	454	8572
32811	2	95	10084
39241	2	578	17050
40109	2	625	11952
40229	2	228	11716
47296	2	625	6595
61445	2	625	6595
63028	2	625	8672
63041	2	625	6595
74646	2	621	13209
77205	2	621	13209
77925	2	136	10449
80731	2	625	6595
81125	2	597	8636
87541	2	316	7145
88602	2	59	12636
89667	2	252	10753
90784	2	341	14161
94167	2	576	12566
94498	2	695	11573
97385	2	536	16183
98044	2	331	695
99236	2	286	1162
99316	2	286	1162
101350	2	508	558
101890	2	550	843
102116	2	351	8252
102238	2	651	5088
107792	2	567	12366
114289	2	268	9414
115355	2	449	6478
120272	2	454	8572
120309	2	454	8572
122650	2	411	11578
124034	2	88	8231
126989	2	263	473
128773	2	333	7034
128991	2	333	7034
129981	2	562	7940
130044	2	562	7940
130450	2	286	1162
130456	2	286	1162
131341	2	312	5125
132593	2	594	7764
137703	2	333	7034
141383	2	75	8354
143153	2	88	8231
144286	2	241	13387
147775	2	562	7976
147883	2	605	12667
148297	2	142	461
149434	2	425	7095
150020	2	679	12844
152022	2	129	9032
152916	2	195	11618
156362	2	669	13643
156625	2	244	4824
160081	2	681	14344
160267	2	79	13375
160355	2	561	8841
165135	2	209	10694
168961	2	266	13028
169011	2	266	13028
169382	2	308	1298
189050	2	452	11859
191613	2	530	1012
193512	2	649	1475
198406	2	617	8586
199296	2	494	744
203559	2	382	12879
206400	2	179	10771
206426	2	179	10771
210718	2	689	13632
215952	2	668	8372
226129	2	100	470
227576	2	429	14591
227578	2	429	14591
227665	2	429	14591
230307	2	109	12939
231183	2	249	13181
232351	2	72	14126
236791	2	249	13181
237063	2	87	8540
239091	2	588	3239
246190	2	529	6757
247737	2	666	14590
247906	2	530	1012
248841	2	134	9671
262733	2	90	12125
262856	2	190	8181
265647	2	338	7893
266843	2	186	14453
267451	2	540	6764
272050	2	274	9773
273066	2	121	11038
275167	2	617	8586
275264	2	617	8586
277776	2	257	7651
277827	2	716	12297
281524	2	324	13850
283258	2	607	5035
284722	2	640	2407
288039	2	175	9037
294609	2	665	14430
295297	2	98	12558
306024	2	649	1475
315502	2	651	5088
323671	2	625	8374
329323	2	651	5088
333169	2	625	8386
334336	2	625	6595
335144	2	432	11279
339388	2	504	11400
339868	2	504	16541
341352	2	530	1012
345037	2	530	1012
345617	2	649	1475
345784	2	481	13606
346519	2	279	14965
349057	2	530	1012
351496	2	417	13135
352244	2	407	706
353873	2	183	14333
355021	2	126	459
356395	2	249	13181
358446	2	562	7940
358492	2	562	7940
358848	2	358	13827
363496	2	169	7656
363796	2	184	14404
364052	2	269	8123
365836	2	329	12317
366151	2	329	12317
376266	2	606	12472
381070	2	2388	15533
381920	2	129	9032
383393	2	460	8496
386441	2	625	8780
386531	2	597	9206
387389	2	612	6353
394936	2	217	13288
400991	2	395	7723
401397	2	395	7723
401736	2	395	7723
403312	2	651	5088
410562	2	489	13708
410606	2	84	2898
415062	2	129	14177
416208	2	291	12963
418693	2	701	13763
423182	2	279	14892
423679	2	294	7075
426376	2	702	3425
430401	2	606	12472
431034	2	253	13757
436198	2	125	12934
438532	2	716	12297
438609	2	716	12297
457400	2	625	8672
459823	2	438	7548
464383	2	625	7821
470662	2	385	10064
472759	2	438	7548
475779	2	110	13720
477673	2	360	1145
486856	2	331	695
487814	2	567	12366
488303	2	374	537
491665	2	279	12744
495537	2	256	16189
496803	2	664	12179
498528	2	360	1145
515339	2	526	14189
515836	2	595	1265
520602	2	690	10714
527284	2	236	11076
535041	2	406	11828
545221	2	791	2565
545274	2	791	2565
545281	2	791	2565
545283	2	791	2565
545437	2	95	10084
546597	2	695	11573
547305	2	370	7333
547655	2	611	14254
553019	2	126	459
558790	2	602	1876
560301	2	186	15805
560587	2	464	8655
568475	2	67	8351
573757	2	669	13643
574688	2	95	10084
583139	2	619	8801
585069	2	74	13954
599223	2	134	9671
606686	2	161	11461
606957	2	161	6856
608478	2	163	12038
622168	2	191	13634
623310	2	203	8618
625093	2	213	1177
630470	2	221	7346
630541	2	221	10605
630639	2	221	13873
631537	2	221	13873
636695	2	176	7151
636824	2	791	2565
641337	2	244	4824
643378	2	250	14057
644894	2	255	7120
645018	2	255	7120
645794	2	255	7120
646139	2	255	7120
646327	2	255	13746
646350	2	255	7120
646408	2	255	11715
648611	2	266	13028
657643	2	279	13915
658986	2	279	13915
662565	2	285	14248
662746	2	286	1162
666544	2	310	8293
666592	2	310	8293
666642	2	791	2565
667697	2	317	887
673242	2	329	12317
678018	2	336	5791
678313	2	339	11882
697443	2	399	13661
697690	2	399	13661
699057	2	403	13379
700044	2	111	13168
700376	2	111	13168
701296	2	411	11578
702123	2	411	11578
702139	2	411	11578
703292	2	411	9007
704148	2	411	11578
706732	2	429	14591
707112	2	541	11225
712935	2	457	13775
713055	2	457	2935
716039	2	468	13598
716696	2	716	12297
721675	2	498	13464
725372	2	505	821
725530	2	505	11306
726254	2	509	8509
726587	2	511	14726
733311	2	541	13503
734047	2	544	12060
735573	2	553	14004
744502	2	585	714
745657	2	594	7764
760194	2	610	7895
762196	2	618	14024
770325	2	583	13451
775982	2	629	12524
780142	2	633	13982
788049	2	650	3903
789050	2	651	5088
789802	2	656	6423
796507	2	679	12844
802543	2	88	8231
804564	2	716	12297
811846	2	161	7308
811934	2	161	6856
812237	2	581	12384
812399	2	168	14335
816906	2	186	14453
819854	2	221	13873
820025	2	221	13873
820349	2	221	10605
820395	2	221	10605
820661	2	221	10605
821345	2	791	2565
821508	2	235	606
824793	2	254	14268
829535	2	279	13915
830948	2	279	11425
833478	2	298	12562
838309	2	325	11830
838823	2	146	7632
841527	2	353	8736
843272	2	371	13310
864597	2	562	7940
864854	2	717	13608
866008	2	207	12856
874772	2	651	5088
880381	2	160	343
887062	2	284	7794
887227	2	323	9070
888415	2	100	470
890347	2	625	6595
890548	2	325	11830
894753	2	544	12060
896712	2	161	7308
897010	2	161	7308
897071	2	161	7308
897093	2	161	14920
901266	2	298	12562
904495	2	546	5814
905298	2	298	12562
905403	2	159	465
905876	2	526	14189
910589	2	586	13303
912345	2	173	8665
913412	2	288	1742
915475	2	621	13209
918173	2	215	14085
918974	2	649	1475
919738	2	500	14439
919752	2	457	14086
921042	2	500	14106
921311	2	564	10733
921677	2	216	1738
922921	2	634	7178
923983	2	285	14248
932360	2	641	10956
935729	2	544	12060
942319	2	562	7940
942598	2	186	14453
942806	2	791	2565
943281	2	285	14248
946595	2	625	6595
947732	2	625	6595
948341	2	625	6595
949038	2	625	6595
949274	2	625	8672
953875	2	411	11578
956055	2	625	6595
971826	2	493	9678
973009	2	469	4940
973093	2	503	620
977954	2	568	13610
982533	2	457	13813
983584	2	255	7120
986679	2	576	12566
988312	2	333	7034
988445	2	109	12939
989335	2	332	2318
990074	2	562	7976
1002576	2	625	8780
1004078	2	249	8692
1011355	2	158	14276
1011802	2	90	12125
1012080	2	238	783
1013477	2	403	13379
1013653	2	219	14457
1015140	2	186	14453
1015631	2	168	10888
1015656	2	562	7940
1015785	2	548	8143
1017601	2	309	11895
1017651	2	234	326
1020353	2	131	13432
1020475	2	459	13096
1020760	2	525	14021
1021775	2	255	11715
1021835	2	237	7853
1022066	2	255	13188
1022357	2	152	12035
1022880	2	566	13394
1023546	2	701	13763
1024354	2	676	8619
1024886	2	562	7976
1025102	2	553	5027
1025924	2	425	7095
1026842	2	429	14591
1027159	2	695	11573
1027251	2	474	13202
1027265	2	482	8784
1027386	2	294	7075
1027432	2	643	6866
1028616	2	279	14965
1028646	2	695	11573
1028907	2	301	7430
1029182	2	428	1672
1029800	2	157	8093
1030920	2	72	14126
1031066	2	395	7723
1031561	2	95	10084
1032355	2	279	11425
1032443	2	562	7940
1035764	2	279	11425
1036045	2	566	13394
1036137	2	566	13394
1036310	2	279	13915
1036463	2	180	8080
1036860	2	597	7271
1036915	2	129	2525
1038440	2	255	16816
1043715	2	625	6595
1046363	2	457	13799
1047741	2	338	7893
1051669	2	89	13597
1053108	2	550	843
1053220	2	92	13706
1064121	2	625	8374
1066381	2	110	13720
1067254	2	504	11400
1067427	2	279	11425
1067524	2	179	10771
1067848	2	286	1162
1067963	2	516	13034
1068102	2	258	765
1069040	2	181	10774
1069253	2	474	13202
1069865	2	454	8572
1070591	2	336	10534
1071372	2	557	13338
1072864	2	688	13269
1072972	2	510	831
1073383	2	77	9012
1073928	2	255	11715
1078664	2	77	14756
1078937	2	550	843
1079011	2	339	11882
1079262	2	405	16765
1079956	2	111	13169
1080343	2	351	8252
1082222	2	92	13706
1082380	2	255	7120
1082432	2	651	5088
1082506	2	266	13028
1082592	2	395	7723
1082676	2	255	13188
1082787	2	411	11578
1082816	2	98	12558
1083668	2	457	13819
1089841	2	411	11578
1091852	2	494	744
1092272	2	447	8242
1093896	2	531	10986
1094161	2	329	11948
1094628	2	325	11830
1094687	2	552	13644
1095974	2	237	7853
1096280	2	266	13028
1096399	2	279	13915
1097216	2	175	9037
1098397	2	279	11425
1100907	2	332	5850
1106027	2	409	3746
1106377	2	204	11241
1111217	2	625	6595
1111750	2	279	11425
1112954	2	279	11425
1117040	2	279	13915
1118516	2	269	2501
1120821	2	168	6915
1121792	2	625	8672
1122846	2	607	5035
1124350	2	625	6595
1126880	2	388	1777
1135454	2	395	7723
1136844	2	266	13028
1137084	2	279	11425
1138505	2	644	16394
1139790	2	625	8672
1141139	2	351	8252
1144491	2	351	8252
1144896	2	90	12125
1147461	2	625	6595
1149057	2	457	14086
1149498	2	279	11425
1150799	2	255	7120
1151648	2	249	13181
1152321	2	525	14021
1154213	2	625	8780
1154367	2	286	1162
1154377	2	625	8672
1155689	2	126	459
1155987	2	530	1012
1157667	2	236	11076
1158077	2	134	9671
1160534	2	625	6595
1162242	2	221	10605
1162294	2	562	7940
1163843	2	562	7940
1164934	2	621	13209
1165724	2	286	1162
1167004	2	279	11425
1168831	2	625	8386
1170350	2	665	14430
1170433	2	255	11715
1171153	2	447	8242
1173480	2	644	14410
1179267	2	625	8374
1180983	2	247	13910
1185350	2	279	11425
1187192	2	629	15163
1189190	2	255	7120
1191416	2	221	10605
1191517	2	671	13150
1193174	2	529	6757
1197651	2	191	13634
1197944	2	279	11425
1202289	2	169	7656
1202858	2	129	9032
1204067	2	266	13028
1205312	2	625	8672
1207459	2	351	8252
1210526	2	644	14410
1212030	2	279	13915
1212445	2	279	13915
1213224	2	204	11241
1215028	2	105	5353
1221675	2	279	11425
1229671	2	169	7656
1230318	2	90	11540
1232392	2	186	8695
1237969	2	279	14965
1239119	2	279	11425
1239263	2	359	6066
1243998	2	90	752
1247937	2	454	8572
1250457	2	582	13406
1255743	2	279	11425
1256983	2	95	10084
1257581	2	609	14012
1258430	2	255	7120
1260405	2	279	11425
1263343	2	625	8672
1265148	2	607	5035
1266492	2	625	6595
1271278	2	411	11578
1273927	2	625	8672
1274676	2	625	6595
1276542	2	645	14213
1280695	2	494	744
1282496	2	399	13661
1285386	2	607	6745
1288701	2	276	14257
1288729	2	396	677
1293464	2	2388	15703
1293651	2	648	14363
1295189	2	129	9032
1297312	2	214	7122
1298835	2	179	10771
1298870	2	373	13488
1298973	2	615	15669
1300505	2	395	7723
1302997	2	347	10768
1303167	2	574	9686
1303768	2	413	6568
1304063	2	237	15197
1304951	2	255	7124
1306487	2	625	6595
1308288	2	279	13915
1309073	2	324	13850
1309511	2	168	10888
1309970	2	298	12562
1310187	2	500	14439
1314924	2	350	14093
1315541	2	129	9032
1315576	2	324	13732
1315736	2	98	12558
1317360	2	529	6757
1317747	2	577	2502
1317926	2	176	12773
1320591	2	411	11578
1321538	2	395	7723
1323160	2	454	8572
1324132	2	351	8252
1324943	2	88	8231
1325331	2	530	1012
1327659	2	274	10997
1328453	2	396	677
1330392	2	477	9078
1330751	2	260	13186
1331430	2	80	1285
1331966	2	625	7821
1334532	2	619	8801
1335502	2	494	744
1335996	2	540	6764
1336230	2	716	12297
1336400	2	562	7940
1337547	2	395	7723
1337956	2	186	14453
1338207	2	255	7120
1339074	2	395	7723
1340166	2	689	13632
1340943	2	276	14257
1341466	2	651	5088
1343572	2	625	6595
1343906	2	252	10753
1346716	2	449	6478
1350243	2	173	8665
1353702	2	217	13288
1354022	2	358	13827
1354561	2	552	13644
1355932	2	377	14111
1357908	2	249	13181
1358691	2	249	14829
1359475	2	556	11990
1361200	2	266	13028
1362126	2	124	13528
1362250	2	488	6562
1362359	2	213	123
1362569	2	286	1162
1362666	2	620	6609
1363585	2	631	720
1363725	2	123	1309
1364787	2	515	4842
1365643	2	249	8692
1366194	2	494	744
1366853	2	329	12317
1367757	2	352	11154
1368537	2	469	4940
1368765	2	406	11828
1370330	2	470	13490
1371366	2	376	13069
1371750	2	411	11578
1375497	2	503	620
1375787	2	562	7940
1376493	2	576	12566
1377894	2	333	7034
1378263	2	255	11715
1378616	2	213	1177
1379216	2	316	7145
1380674	2	255	11715
1381661	2	515	4842
1381745	2	90	11540
1382355	2	548	8143
1383070	2	140	12613
1385183	2	268	9414
1385690	2	327	13519
1386511	2	644	14410
1386870	2	477	9078
1388608	2	307	11214
1395492	2	260	13186
1396821	2	244	4824
1397163	2	625	8780
1398193	2	2388	11035
1399348	2	644	14410
1399815	2	195	11618
1404694	2	88	8231
1405880	2	253	13757
1408050	2	103	170
1410497	2	358	13827
1412098	2	358	13827
1412418	2	594	7764
1413545	2	203	8615
1417758	2	607	5035
1421431	2	173	8665
1421657	2	329	12317
1421710	2	103	170
1422083	2	620	6609
1422576	2	459	13096
1423761	2	324	13850
1424669	2	644	14410
1425818	2	459	13096
1428493	2	369	12914
1429765	2	339	11882
1433288	2	279	14965
1437059	2	651	5088
1437795	2	279	11425
1441272	2	360	1145
1443224	2	203	8618
1445727	2	644	14410
1445830	2	403	13379
1446008	2	559	1732
1446110	2	501	954
1446314	2	644	14410
1448509	2	672	12023
1449078	2	625	6595
1449637	2	592	5090
1450735	2	360	1145
1451429	2	185	10941
1453209	2	625	8672
1457504	2	255	11715
1457591	2	255	11715
1461801	2	597	8636
1462480	2	221	12805
1463646	2	360	1145
1465145	2	411	6031
1477084	2	625	8780
1480448	2	120	2621
1482799	2	172	1515
1483981	2	632	13887
1484259	2	494	744
1485003	2	186	14453
1487115	2	388	1777
1488812	2	607	5035
1490319	2	279	11425
1491928	2	137	8856
1496070	2	278	6039
1496593	2	279	13915
1497748	2	329	12317
1500456	2	411	11578
1501337	2	411	9007
1501921	2	457	14086
1502046	2	457	13813
1502117	2	457	13813
1502644	2	457	13772
1505116	2	529	6757
1506183	2	575	7730
1506379	2	325	11830
1513509	2	325	11830
1513923	2	381	8630
1516019	2	186	13967
1516294	2	221	13873
1518467	2	506	11819
1525315	2	131	11033
1527765	2	325	11830
1530160	2	325	11830
1534707	2	522	746
1535585	2	432	11279
1539453	2	221	13873
1539827	2	457	14659
1539993	2	286	1162
1540606	2	457	13771
1541280	2	387	13234
1541853	2	553	5027
1542620	2	651	5088
1542960	2	457	13788
1543457	2	88	8231
1544700	2	165	779
1544887	2	457	14086
1544891	2	646	8243
1545056	2	322	13842
1549057	2	661	3840
1549624	2	545	578
1550095	2	651	5088
1550808	2	168	10888
1551484	2	255	7120
1552309	2	411	11578
1552988	2	625	8374
1554557	2	237	7853
1554807	2	562	7940
1555092	2	255	7120
1555502	2	279	11425
1555559	2	279	11425
1556550	2	255	11715
1556997	2	351	8252
1558106	2	237	7853
1558228	2	457	13799
1558505	2	97	8606
1558702	2	607	5035
1559026	2	173	8665
1560817	2	255	7120
1561122	2	791	2565
1564415	2	791	2565
1564852	2	791	2565
1564858	2	791	2565
1566126	2	457	14086
1567035	2	161	7308
1567980	2	169	7656
1571439	2	255	11715
1571808	2	403	13379
1572151	2	173	8665
1572591	2	511	16667
1573663	2	129	9032
1574309	2	241	13387
1574877	2	225	4852
1575030	2	791	2565
1575031	2	791	2565
1575102	2	791	2565
1575751	2	566	13394
1585823	2	620	4117
1586071	2	457	14714
1587715	2	457	14086
1587936	2	111	13168
1588327	2	607	5035
1588626	2	249	8692
1589133	2	279	13915
1590767	2	301	7430
1590851	2	279	13915
1591033	2	457	13799
1592248	2	213	1177
1592840	2	236	11076
1593129	2	249	16105
1593773	2	385	10064
1594184	2	195	11618
1598356	2	619	8801
1598653	2	225	4852
1599001	2	285	14248
1599187	2	406	11828
1599878	2	279	11425
1602038	2	325	11830
1603205	2	325	11830
1604418	2	651	5088
1607808	2	268	15819
1615779	2	255	7124
1618936	2	625	6595
1622970	2	625	11647
1631144	2	625	6595
1632364	2	625	8672
1638280	2	619	8801
1640513	2	553	5027
1640810	2	255	7120
1648248	2	285	14248
1648586	2	407	706
1649573	2	651	5088
1650960	2	168	10878
1653584	2	429	14591
1654352	2	186	14453
1654776	2	428	1672
1657148	2	279	13915
1659303	2	278	6039
1660158	2	95	10084
1660559	2	219	14457
1663158	2	625	6595
1666292	2	279	11425
1669097	2	221	13873
1669232	2	168	10878
1669862	2	235	606
1670423	2	562	7940
1670919	2	395	7723
1671451	2	679	12844
1671515	2	269	8123
1672217	2	279	14965
1672980	2	325	11830
1675261	2	279	14965
1676471	2	92	13706
1676717	2	158	14273
1678568	2	279	11425
1678616	2	634	7178
1679608	2	62	7265
1683836	2	679	12844
1684854	2	280	4958
1685382	2	279	13915
1686421	2	176	12773
1687229	2	475	13607
1687876	2	266	13028
1688638	2	325	11830
1689411	2	133	14378
1690744	2	526	14189
1691294	2	368	8317
1691493	2	145	8030
1691869	2	325	11830
1692944	2	566	13394
1694695	2	409	3746
1694997	2	509	8509
1695186	2	368	8317
1695188	2	221	10605
1695215	2	327	13519
1695527	2	409	3746
1695892	2	454	8572
1697242	2	111	13168
1697447	2	266	13028
1697664	2	261	8162
1697679	2	111	13168
1697959	2	203	8615
1699283	2	409	3746
1700607	2	118	7472
1701085	2	111	13168
1701768	2	133	14378
1702189	2	161	6856
1703284	2	161	6856
1704111	2	173	8665
1704273	2	477	14622
1705059	2	406	11828
1707118	2	325	11830
1709203	2	161	6856
1709987	2	399	13661
1710249	2	401	13461
1711370	2	161	7308
1712466	2	89	13597
1712821	2	464	8655
1713461	2	635	1193
1716215	2	457	13799
1716448	2	457	14651
1717224	2	657	8580
1717405	2	530	1012
1717521	2	457	4897
1717549	2	619	8801
1717712	2	591	8007
1719098	2	457	14236
1720000	2	586	13303
1720078	2	373	13488
1721948	2	641	10956
1722151	2	190	8181
1722779	2	169	7656
1723855	2	279	11425
1724248	2	600	4962
1724293	2	255	7120
1724324	2	255	11715
1724748	2	255	11715
1729578	2	154	10802
1730215	2	277	6574
1731564	2	254	14268
1731606	2	619	8801
1731623	2	352	11154
1732521	2	405	13943
1732532	2	372	13380
1733240	2	154	10802
1735594	2	457	13821
1737154	2	457	13799
1740754	2	151	14009
1742631	2	478	10578
1742635	2	457	13799
1742856	2	151	14009
1743072	2	225	4852
1744627	2	651	5088
1745014	2	252	10753
1751877	2	368	8317
1752836	2	458	809
1753144	2	660	7804
1753609	2	688	13269
1753679	2	238	783
1754038	2	279	14630
1755850	2	105	5353
1756157	2	279	13915
1756821	2	188	11872
1757880	2	468	9588
1761679	2	385	10064
1763237	2	468	13598
1764281	2	339	11882
1769592	2	457	13821
1769733	2	500	12685
1769875	2	457	13799
1771662	2	508	558
1771736	2	266	13028
1772344	2	356	13370
1772965	2	325	11830
1773735	2	339	11882
1774647	2	249	13181
1774905	2	213	1177
1776785	2	325	11830
1777205	2	352	11154
1779416	2	634	7178
1779461	2	217	13288
1779725	2	428	1672
1780072	2	562	7940
1780760	2	304	7873
1781257	2	605	2261
1782275	2	457	13772
1782571	2	457	13799
1782990	2	428	1672
1783004	2	457	13792
1783801	2	173	8665
1786116	2	562	7940
1787718	2	255	11715
1788925	2	428	1672
1788948	2	625	6595
1790549	2	625	6595
1791459	2	377	14111
1795422	2	145	8030
1796139	2	322	13842
1796626	2	291	12963
1797233	2	692	9026
1798585	2	351	8252
1798699	2	500	8429
1800881	2	503	620
1801653	2	411	11578
1802203	2	214	7122
1803532	2	225	4852
1805739	2	180	8080
1805926	2	277	6574
1807827	2	285	14248
1807933	2	406	11828
1820781	2	325	11830
1822232	2	474	13202
1823039	2	255	11715
1823536	2	648	14363
1823905	2	261	8162
1824339	2	255	7124
1825818	2	255	7120
1827584	2	457	13788
1828142	2	295	14246
1831764	2	255	7120
1831953	2	428	15651
1833891	2	640	2407
1835747	2	428	1672
1835877	2	477	14622
1836114	2	553	5027
1837125	2	151	14009
1839810	2	648	14363
1839877	2	255	7120
1840070	2	428	1672
1840381	2	286	1162
1840897	2	279	13915
1841356	2	279	14965
1841730	2	331	695
1842168	2	456	13447
1842882	2	355	8069
1843432	2	474	13202
1844504	2	89	13597
1845672	2	301	7430
1850388	2	111	13168
1850872	2	566	13394
1851449	2	385	10064
1852271	2	411	11578
1854872	2	538	7680
1856295	2	696	13201
1857817	2	179	10771
1857848	2	640	2407
1858076	2	279	13915
1860112	2	118	7472
1860167	2	92	13706
1863337	2	424	13428
1863783	2	296	566
1864455	2	489	13708
1865087	2	86	13546
1865819	2	649	1475
1866223	2	325	11830
1866468	2	339	11882
1870028	2	339	11882
1870891	2	464	8655
1871005	2	329	11948
1871199	2	404	14311
1871264	2	214	7122
1871422	2	411	11578
1871705	2	255	7120
1873766	2	651	5088
1873773	2	221	10605
1874496	2	265	2762
1875683	2	213	1177
1875958	2	279	13915
1876042	2	371	13310
1876429	2	259	8195
1879996	2	597	15192
1882638	2	457	14692
1882690	2	429	14591
1883016	2	519	16499
1884072	2	325	11830
1884977	2	530	1012
1885610	2	325	11830
1885994	2	482	8784
1888527	2	722	13396
1888796	2	286	1162
1889465	2	440	9980
1889750	2	221	13873
1891226	2	363	13978
1893236	2	233	14771
1893796	2	457	14714
1895793	2	100	470
1896133	2	651	5088
1896648	2	237	7853
1897424	2	651	5088
1897519	2	651	5088
1897979	2	661	3840
1898816	2	457	14086
1899623	2	597	7271
1900024	2	131	13432
1901096	2	457	4897
1902915	2	249	13181
1903609	2	468	14893
1903699	2	358	13827
1904234	2	232	15506
1905177	2	111	13169
1905784	2	325	11830
1905845	2	325	11830
1907012	2	487	8414
1907419	2	221	12921
1907649	2	443	7336
1907811	2	186	15805
1908474	2	351	8252
1909027	2	403	13379
1911297	2	255	7120
1911415	2	619	8801
1912630	2	301	7430
1927028	2	544	12060
1927434	2	638	941
1928603	2	93	13548
1928943	2	204	11241
1929643	2	277	6574
1931063	2	307	11214
1931721	2	221	13873
1932116	2	651	5088
1932605	2	457	14651
1933127	2	599	6974
1934068	2	223	7963
1936347	2	255	7120
1936363	2	255	7120
1936497	2	257	7651
1938464	2	255	7120
1939360	2	651	5088
1939386	2	399	13661
1940331	2	168	10878
1941008	2	625	6595
1942564	2	501	954
1942582	2	255	7124
1943365	2	329	12317
1943381	2	266	13028
1943389	2	266	13028
1944150	2	279	11425
1945133	2	266	13028
1945142	2	266	13028
1946097	2	648	14363
1946573	2	403	13379
1946813	2	191	13634
1947279	2	619	8801
1949637	2	651	5088
1949660	2	651	5088
1949694	2	249	7108
1949809	2	575	7730
1950311	2	266	13028
1951763	2	619	8801
1957373	2	205	13847
1958583	2	619	8801
1959251	2	344	7801
1961380	2	161	6856
1961442	2	173	8665
1962026	2	311	13704
1963469	2	619	8801
1965189	2	446	1714
1968437	2	254	14268
1968964	2	446	1714
1976117	2	446	1714
1976932	2	301	7430
1977229	2	325	11830
1977317	2	161	7308
1977838	2	161	6856
1978256	2	255	11715
1978496	2	161	6856
1978525	2	679	12844
1978916	2	161	7308
1979220	2	161	7308
1979699	2	301	7430
1981045	2	654	13508
1981198	2	266	13028
1982345	2	652	14129
1982692	2	369	12914
1983740	2	541	11225
1984153	2	225	4852
1984587	2	279	11425
1985008	2	279	13915
1986361	2	651	5088
1986471	2	225	4852
1986505	2	161	7308
1987078	2	651	5088
1987944	2	111	16251
1988057	2	266	13028
1988455	2	266	13028
1991765	2	464	8655
1992065	2	238	783
1992924	2	504	11400
1994132	2	238	783
1994172	2	561	8841
1994315	2	111	13168
1995537	2	255	7120
1995592	2	261	8162
1996485	2	327	13519
1998047	2	279	14965
1998125	2	161	7308
1998590	2	95	10084
1999985	2	279	11425
2001161	2	325	11830
2001903	2	656	6423
2002428	2	221	7904
2002577	2	607	5035
2002666	2	325	11830
2003457	2	530	1012
2003851	2	95	10084
2004351	2	629	12524
2004755	2	532	11815
2004962	2	457	14086
2005100	2	231	627
2005265	2	322	13842
2006435	2	325	11830
2007242	2	661	3840
2007432	2	490	5143
2008025	2	650	3903
2008921	2	685	1764
2009278	2	612	6353
2009737	2	395	7723
2010020	2	255	7120
2010260	2	279	11425
2013328	2	74	13954
2014453	2	251	4192
2016749	2	85	11994
2017230	2	86	13546
2017231	2	86	13546
2017400	2	86	13546
2017637	2	88	8231
2021067	2	92	13706
2021480	2	95	10084
2021867	2	95	10084
2022397	2	95	10084
2023408	2	98	12558
2023628	2	100	470
2024262	2	255	11715
2024466	2	457	14714
2024738	2	103	12890
2025477	2	105	5353
2026788	2	114	7691
2030110	2	129	14177
2030167	2	129	9032
2031781	2	556	11990
2035718	2	131	4946
2037508	2	134	9671
2038049	2	134	9671
2039785	2	118	7472
2041692	2	138	7214
2041979	2	140	12613
2042494	2	140	12613
2042645	2	140	12613
2043689	2	142	461
2047898	2	154	10802
2047922	2	154	10802
2047992	2	154	10802
2047995	2	154	15836
2049224	2	161	7308
2049313	2	161	7308
2049379	2	161	7308
2049516	2	161	6856
2049607	2	161	7308
2049647	2	161	6856
2049786	2	161	6856
2049892	2	161	7308
2051891	2	167	12364
2052515	2	168	9579
2052827	2	168	10888
2053643	2	172	1515
2056155	2	173	8665
2056353	2	173	8665
2057841	2	173	8665
2058437	2	173	8665
2058783	2	173	8665
2058939	2	173	8665
2060122	2	173	8665
2060864	2	705	10407
2062300	2	173	8665
2065890	2	352	11154
2067254	2	173	8665
2068820	2	175	9037
2069932	2	179	10771
2072411	2	183	14333
2074822	2	186	15079
2077146	2	186	15079
2078839	2	186	14453
2079414	2	249	8692
2079571	2	186	15079
2082604	2	197	12620
2083659	2	204	11241
2084926	2	211	14755
2086769	2	215	14085
2086891	2	217	13288
2090489	2	221	13873
2090744	2	221	13873
2091561	2	221	13873
2091797	2	221	13873
2092135	2	221	10605
2092820	2	221	13873
2093084	2	221	10605
2093444	2	221	13873
2093484	2	221	13873
2095816	2	221	13873
2096855	2	225	4852
2096968	2	625	6595
2096983	2	225	4852
2097161	2	225	11544
2097449	2	679	12844
2100816	2	236	11076
2102673	2	612	6353
2104506	2	249	13181
2106005	2	249	8692
2106106	2	249	13181
2109657	2	255	7120
2110457	2	255	11715
2110606	2	256	13987
2112259	2	260	13186
2112977	2	266	13028
2112993	2	266	13028
2113032	2	266	13028
2113050	2	266	13028
2113111	2	266	13028
2114894	2	274	14124
2116912	2	277	6574
2117033	2	277	6574
2119259	2	278	6039
2119736	2	278	6039
2128088	2	279	13915
2128436	2	279	11425
2133518	2	279	13765
2133974	2	279	11425
2135393	2	286	1162
2137853	2	150	8879
2137869	2	286	1162
2141048	2	203	8615
2141395	2	298	12562
2148332	2	320	14676
2148683	2	321	5113
2153830	2	324	13850
2155801	2	325	11830
2155976	2	325	11830
2157205	2	326	11904
2158375	2	329	12317
2158377	2	329	12317
2159510	2	400	9082
2160022	2	332	2318
2164330	2	332	2318
2165268	2	333	7034
2166195	2	335	12365
2169329	2	341	14161
2173298	2	161	6856
2174799	2	349	12117
2175566	2	351	8252
2175697	2	351	8252
2178953	2	360	1145
2182467	2	366	8156
2182616	2	368	8317
2182646	2	368	8317
2184244	2	371	13310
2185715	2	371	13310
2186394	2	95	10084
2187371	2	373	13488
2188340	2	375	700
2188484	2	376	13069
2188694	2	557	13338
2188905	2	381	8630
2191492	2	395	7723
2192593	2	395	7723
2192946	2	395	7723
2193150	2	395	7723
2193254	2	395	7723
2193680	2	395	7723
2193685	2	395	7723
2194973	2	399	13661
2198172	2	399	13661
2198223	2	625	8374
2198523	2	399	13661
2198954	2	625	6595
2200410	2	403	13379
2200479	2	266	13028
2200899	2	403	13379
2200967	2	404	14311
2201261	2	406	11828
2201364	2	406	11828
2201429	2	406	11828
2201434	2	406	11828
2201464	2	406	11828
2203569	2	410	13444
2204340	2	411	11578
2204811	2	411	9007
2204962	2	411	11578
2205110	2	411	11578
2205304	2	411	11578
2205425	2	411	11578
2207502	2	313	429
2213300	2	442	11612
2216193	2	173	8665
2216215	2	457	13788
2216769	2	457	4897
2217119	2	457	14236
2217150	2	457	14236
2217790	2	457	14659
2218314	2	457	6327
2218592	2	325	11830
2218623	2	457	4837
2218714	2	625	8374
2219379	2	457	13788
2219709	2	457	13821
2219729	2	457	13799
2220148	2	457	4897
2220473	2	457	13772
2220529	2	457	13799
2220646	2	457	13772
2220714	2	457	2935
2220887	2	457	14651
2221225	2	457	13799
2221583	2	457	4897
2221707	2	457	13799
2222182	2	457	14236
2222688	2	457	6327
2222839	2	457	14086
2223639	2	457	14690
2223690	2	457	14236
2224203	2	457	13821
2224507	2	457	6327
2224640	2	457	13775
2224761	2	457	13799
2224863	2	457	13772
2225057	2	457	13772
2225202	2	457	13788
2225856	2	457	4897
2226185	2	457	13799
2227949	2	351	8252
2229390	2	154	10802
2229718	2	468	13598
2229964	2	470	16580
2230926	2	477	9078
2232416	2	484	8693
2233175	2	487	8414
2233912	2	334	14224
2234095	2	490	5143
2235432	2	494	744
2236177	2	494	744
2237062	2	494	744
2238491	2	500	12417
2238524	2	500	14439
2240183	2	500	12685
2243126	2	511	14726
2246828	2	525	14021
2255296	2	268	15818
2256839	2	544	12060
2258729	2	553	5027
2261413	2	635	1193
2261782	2	554	8141
2267011	2	554	14649
2268076	2	558	11832
2268767	2	558	11832
2269428	2	559	1732
2272844	2	576	12566
2274873	2	582	13406
2275780	2	585	714
2275947	2	585	714
2276451	2	588	3239
2277241	2	592	5090
2277288	2	592	5090
2278698	2	597	7271
2281640	2	597	7271
2282654	2	597	7271
2284255	2	607	5035
2286511	2	605	12667
2287172	2	210	7739
2288413	2	607	5035
2290399	2	607	5035
2291506	2	607	5035
2291996	2	597	8636
2292115	2	607	5035
2292284	2	607	5035
2292541	2	595	1265
2294855	2	607	5035
2295317	2	607	5035
2300777	2	619	8801
2301714	2	619	8801
2303114	2	619	8801
2303477	2	619	8801
2304263	2	619	8801
2304483	2	619	8801
2304635	2	619	8801
2308111	2	161	7308
2312734	2	625	8386
2313766	2	629	15163
2316167	2	625	6595
2317125	2	625	11647
2318622	2	625	12641
2319776	2	625	8672
2320159	2	625	8672
2322702	2	625	12641
2328220	2	625	8780
2332109	2	706	11907
2338460	2	625	8780
2338948	2	625	6595
2339859	2	213	1177
2348667	2	625	6595
2349401	2	329	12317
2350152	2	625	8672
2350792	2	625	8672
2350886	2	625	6595
2353332	2	625	6595
2353549	2	625	6595
2355415	2	625	8672
2355856	2	625	6595
2361400	2	625	8780
2361772	2	625	11647
2365652	2	629	15163
2367818	2	629	12524
2370289	2	632	13883
2374466	2	643	6866
2374973	2	644	14410
2376622	2	644	11579
2378151	2	644	14410
2379474	2	644	14410
2380082	2	644	14410
2384775	2	274	14124
2387889	2	648	14363
2387915	2	648	14363
2389140	2	651	5088
2389480	2	651	5088
2389568	2	651	5088
2390079	2	651	5088
2390290	2	651	5088
2392367	2	661	3840
2392646	2	503	620
2398741	2	88	8231
2399695	2	286	1162
2400014	2	2388	12561
2402538	2	691	11396
2402688	2	691	11396
2404190	2	213	123
2406547	2	702	3425
2408294	2	339	11882
2408340	2	597	7271
2409083	2	249	7108
2409157	2	625	6595
2409289	2	151	14009
2409820	2	607	5035
2410462	2	95	10084
2410634	2	279	11425
2410824	2	645	10939
2411668	2	339	11882
2413010	2	339	11882
2413152	2	112	13677
2413569	2	279	13765
2414266	2	93	13548
2417305	2	173	8665
2418021	2	255	7120
2418027	2	291	12963
2418617	2	435	14670
2418675	2	428	1672
2419055	2	562	7976
2419204	2	212	7903
2420211	2	368	8317
2420454	2	168	10888
2421031	2	368	8317
2422334	2	255	7120
2423932	2	168	10888
2424078	2	406	11828
2424407	2	279	11425
2424537	2	279	11425
2426717	2	225	4852
2428079	2	504	11400
2428879	2	255	11715
2429042	2	651	5088
2429202	2	477	9078
2429632	2	279	11425
2432378	2	151	14009
2432681	2	161	6856
2433277	2	468	13598
2433737	2	221	10605
2433786	2	255	7120
2436168	2	131	11033
2436240	2	255	7120
2436822	2	90	12125
2437161	2	442	11612
2438281	2	255	7120
2439684	2	70	8274
2443844	2	339	11882
2445150	2	188	11872
2445419	2	325	11830
2445789	2	221	13873
2446304	2	446	1714
2447810	2	460	8496
2448493	2	411	11578
2448848	2	390	11053
2449899	2	457	4897
2450324	2	325	11830
2450411	2	597	7271
2450440	2	597	7271
2451346	2	457	4897
2451999	2	595	1265
2452080	2	406	11828
2452286	2	161	7308
2453326	2	457	13799
2453611	2	412	15657
2455240	2	386	11986
2455363	2	161	6856
2455462	2	255	7120
2455624	2	230	1210
2456174	2	457	13800
2456931	2	597	7271
2457086	2	255	7120
2457216	2	161	6856
2457458	2	409	3746
2457547	2	255	7120
2458752	2	255	7120
2458986	2	255	7120
2459459	2	566	13348
2459666	2	597	7271
2460603	2	277	6574
2461636	2	358	13827
2461930	2	643	6866
2463106	2	179	10771
2463206	2	161	7308
2463695	2	255	7120
2463748	2	255	7120
2463878	2	255	7120
2464115	2	220	7862
2464400	2	255	7120
2464926	2	255	7120
2466098	2	325	11830
2466298	2	341	14161
2466709	2	221	13873
2467136	2	659	597
2467282	2	255	7120
2467342	2	255	7120
2467634	2	632	13883
2467805	2	268	9414
2468313	2	399	13661
2468319	2	255	7120
2468361	2	255	7120
2468971	2	179	10771
2469278	2	158	14276
2469740	2	428	1672
2470126	2	160	343
2470409	2	225	6070
2470524	2	477	9078
2470800	2	225	4852
2470887	2	249	13181
2472911	2	625	8374
2473303	2	338	7893
2473801	2	255	7120
2473928	2	111	13168
2475001	2	255	7120
2475188	2	255	7120
2475721	2	351	8252
2476915	2	221	13873
2477463	2	255	13747
2477569	2	515	4842
2477881	2	619	8801
2478008	2	255	11715
2478103	2	325	11830
2480328	2	511	15841
2481576	2	159	465
2481907	2	411	11578
2481985	2	255	7120
2482840	2	197	12620
2483246	2	168	10888
2483927	2	384	6503
2484942	2	554	14649
2485421	2	791	2565
2485794	2	279	13915
2487301	2	656	6423
2487508	2	504	11400
2488594	2	255	11715
2490623	2	625	6595
2493709	2	468	13598
2493928	2	490	5143
2496620	2	221	10605
2497073	2	186	14453
2497522	2	255	11715
2498224	2	403	13379
2498904	2	220	7862
2499343	2	650	3903
2500009	2	251	4192
2500246	2	221	12946
2500664	2	443	7336
2501029	2	369	12914
2501980	2	277	6574
2502594	2	553	5027
2503010	2	217	13288
2503506	2	221	13873
2503854	2	154	15836
2504001	2	612	6353
2504691	2	418	10435
2504888	2	255	11715
2505003	2	255	11715
2505112	2	255	11715
2505264	2	325	11830
2505757	2	354	13423
2505964	2	279	11425
2506118	2	651	5088
2507662	2	255	7120
2507890	2	403	13379
2507974	2	356	13370
2508743	2	558	11832
2509193	2	716	12297
2509280	2	411	11578
2509357	2	62	7265
2510746	2	169	7656
2510761	2	267	8153
2510961	2	700	640
2511629	2	332	14816
2512382	2	322	13842
2512409	2	468	13598
2512461	2	236	11076
2512659	2	478	10578
2512935	2	651	5088
2513372	2	424	13428
2513440	2	286	1162
2514853	2	625	6595
2515673	2	403	13379
2516101	2	514	1698
2517961	2	477	9078
2520240	2	221	13873
2520404	2	509	8509
2521174	2	679	12844
2521538	2	221	10605
2522049	2	651	5088
2522577	2	504	11400
2524516	2	571	8703
2525911	2	325	11830
2526223	2	326	11904
2526518	2	266	13028
2526728	2	369	12914
2528885	2	607	5035
2528950	2	644	14410
2529634	2	411	11578
2531073	2	349	12117
2532160	2	656	6423
2532198	2	216	1738
2532801	2	351	8252
2532805	2	211	4811
2533104	2	325	11830
2533161	2	266	13028
2533609	2	429	14591
2534702	2	432	11279
2534834	2	651	5088
2534840	2	301	7430
2534976	2	358	13827
2535242	2	67	8351
2535289	2	255	11715
2535321	2	255	11715
2535531	2	266	13028
2536225	2	169	7656
2536525	2	597	7271
2536728	2	401	13461
2536837	2	648	14363
2537107	2	605	2261
2537599	2	382	12879
2537631	2	391	802
2538015	2	651	5088
2538258	2	120	2621
2538662	2	428	1672
2538841	2	661	3840
2539675	2	556	11990
2540084	2	650	3903
2540114	2	651	5088
2540306	2	648	14363
2540777	2	279	11425
2541098	2	165	779
2541301	2	635	1193
2543153	2	349	12117
2543531	2	286	1162
2543846	2	247	13910
2543910	2	650	3903
2544228	2	325	11830
2544624	2	571	8703
2544735	2	791	2565
2545923	2	791	2565
2547277	2	173	8665
2548629	2	191	13634
2549692	2	211	5071
2550974	2	225	4852
2551183	2	481	13606
2551674	2	174	7580
2551816	2	428	1672
2553163	2	607	5035
2553484	2	429	14591
2553685	2	705	12580
2553903	2	197	12627
2554072	2	422	14291
2558812	2	651	5088
2559833	2	607	5035
2562038	2	105	5560
2562901	2	716	12297
2563098	2	511	16667
2563308	2	716	12297
2564498	2	605	2261
2570746	2	225	4852
2575421	2	625	7821
2576827	2	154	15836
2580278	2	474	13202
2581150	2	494	744
2582738	2	411	11578
2584997	2	668	8372
2588715	2	411	11578
2588848	2	367	8175
2589445	2	269	8123
2589930	2	161	6856
2590812	2	395	7723
2591023	2	651	5088
2591816	2	411	11578
2599431	2	377	14111
2599655	2	516	13034
2601008	2	203	8615
2601069	2	636	8709
2601854	2	279	14965
2602755	2	187	3899
2602803	2	277	6574
2602809	2	625	8672
2603596	2	417	13135
2603876	2	100	470
2607315	2	648	14363
2608916	2	143	7505
2609052	2	656	6423
2609949	2	137	8856
2612125	2	526	14729
2613039	2	323	6463
2618744	2	500	14439
2623965	2	411	11578
2624915	2	279	11425
2626621	2	411	11578
2628151	2	399	13661
2628726	2	607	5035
2629479	2	130	5428
2630227	2	173	8665
2630732	2	411	11578
2632567	2	505	11306
2633359	2	279	11425
2634774	2	407	706
2635343	2	422	14291
2635532	2	688	13269
2639912	2	663	8795
2647244	2	326	11904
2648673	2	625	6595
2650762	2	607	6745
2655169	2	428	1672
2660151	2	649	1475
2660486	2	285	14248
2660841	2	625	11647
2665796	2	411	9007
2667718	2	403	13379
2672186	2	255	11715
2672250	2	429	14591
2672570	2	285	14248
2676438	2	607	5035
2682348	2	663	10920
2683936	2	168	10878
2685342	2	644	14410
2685358	2	221	13873
2689020	2	338	7893
2692762	2	651	5088
2693508	2	279	13915
2694928	2	368	8317
2695170	2	211	8526
2700594	2	625	11647
2701124	2	597	8636
2702377	2	325	11830
2703348	2	663	8795
2703419	2	440	9980
2704412	2	279	13915
2708424	2	249	15542
2710008	2	635	1193
2711999	2	645	14213
2713177	2	705	13302
2714675	2	688	13269
2715334	2	625	7683
2717138	2	625	2563
2718186	2	529	6293
2718471	2	213	1177
2723032	2	206	9875
2724710	2	625	12641
2726252	2	625	2563
2726631	2	173	8665
2730589	2	211	4811
2733583	2	621	13209
2733890	2	2388	12485
2736738	2	644	14410
2736886	2	127	10590
2739690	2	406	11828
2741153	2	608	11658
2744274	2	320	7285
2746973	2	325	11830
2747592	2	562	7940
2749006	2	554	8141
2749500	2	651	5088
2749659	2	154	10802
2752077	2	255	13746
2752092	2	621	13209
2754239	2	634	7178
2756696	2	625	6595
2756965	2	368	8317
2757085	2	368	8317
2758079	2	214	7122
2759597	2	625	6595
2759844	2	255	7124
2760534	2	110	13720
2763733	2	251	4192
2765316	2	625	6595
2767444	2	625	6595
2769176	2	615	15669
2769639	2	531	10986
2769825	2	444	9724
2772681	2	666	14590
2772723	2	625	6595
2774654	2	607	5035
2777939	2	625	6595
2777959	2	625	6595
2779860	2	625	6595
2780602	2	504	11400
2781345	2	645	14213
2782551	2	129	9032
2785141	2	376	13069
2785752	2	111	13168
2785918	2	625	6595
2787055	2	625	6595
2787302	2	625	11647
2787558	2	334	9024
2788173	2	625	8374
2789663	2	325	11830
2790525	2	625	6595
2790964	2	625	6595
2791229	2	625	11647
2791678	2	625	11952
2792350	2	625	8374
2792616	2	625	11647
2793091	2	625	11647
2794441	2	625	6595
2795017	2	411	11578
2796018	2	625	8374
2796048	2	255	7120
2796076	2	255	7120
2796828	2	255	7120
2796969	2	325	11830
2798867	2	131	5179
2799403	2	625	6595
2800081	2	325	11830
2800278	2	221	10605
2800635	2	625	12641
2800666	2	406	11828
2801150	2	625	6595
2801508	2	625	6595
2801932	2	625	6595
2802500	2	406	11828
2807067	2	625	6595
2807125	2	325	11830
2807502	2	325	11830
2807763	2	625	7683
2808282	2	411	11578
2808396	2	325	11830
2809204	2	625	12641
2810790	2	613	7670
2811561	2	648	14363
2811683	2	625	8780
2811760	2	625	7683
2811791	2	621	13209
2811926	2	625	8780
2811958	2	651	5088
2813261	2	625	8672
2813669	2	228	15332
2813771	2	625	7683
2813777	2	279	11425
2814560	2	648	14363
2814693	2	279	12744
2814713	2	625	12641
2815218	2	411	6031
2816662	2	457	14086
2817001	2	625	6595
2818691	2	703	12713
2818726	2	700	640
2819580	2	549	579
2822765	2	334	14224
2826175	2	644	14410
2828671	2	791	2565
2829719	2	277	6574
2834704	2	468	13598
2835000	2	447	8242
2836046	2	336	5791
2836917	2	298	12562
2837130	2	487	8414
2842443	2	572	13472
2842544	2	468	9588
2842746	2	266	13028
2842934	2	273	14313
2844956	2	187	3899
2846574	2	635	1193
2847217	2	653	13389
2847811	2	90	11540
2848050	2	549	579
2848596	2	500	11515
2849515	2	619	8801
2849967	2	334	14224
2850282	2	562	7976
2850976	2	329	11948
2851499	2	2388	11035
2851992	2	371	13310
2855434	2	606	12472
2857468	2	273	14313
2857937	2	219	14457
2859866	2	454	8572
2861107	2	204	11241
2863121	2	619	8801
2863432	2	562	7940
2865325	2	450	6068
2865743	2	99	12032
2866959	2	296	566
2866996	2	406	11828
2867601	2	161	7308
2868421	2	244	4824
2869033	2	403	13379
2870065	2	406	11828
2871994	2	530	1012
2873133	2	206	9875
2876004	2	657	8580
2877448	2	413	6568
2878917	2	150	8879
2879226	2	666	14590
2879256	2	339	11882
2880224	2	206	9875
2881791	2	268	9414
2882632	2	204	11241
2886153	2	544	12060
2887097	2	503	620
2887123	2	203	8615
2888283	2	541	11225
2888957	2	164	13422
2891150	2	520	10245
2893047	2	474	13202
2894546	2	644	14410
2896457	2	616	7933
2897593	2	653	13389
2899393	2	442	11612
2899937	2	530	1012
2900390	2	596	13561
2902282	2	403	13379
2903200	2	475	13607
2907095	2	250	14057
2907167	2	95	10084
2907366	2	359	6066
2907985	2	677	11240
2908861	2	136	10449
2909314	2	358	13827
2910136	2	345	12229
2910919	2	323	14629
2911076	2	585	714
2911630	2	409	3746
2915367	2	130	5428
2915672	2	491	7966
2916516	2	179	10771
2917373	2	151	14009
2924597	2	130	5428
2925776	2	509	8509
2926115	2	446	1714
2927270	2	77	14756
2929609	2	73	12950
2930637	2	77	14756
2930849	2	435	1227
2933309	2	298	12562
2933613	2	359	6066
2939833	2	562	7976
2940637	2	244	4824
2941204	2	656	6423
2941438	2	151	14009
2942951	2	158	14276
2943454	2	246	8148
2943959	2	395	7723
2946891	2	475	13607
2947504	2	90	11540
2947790	2	487	8414
2948436	2	98	12558
2949401	2	558	11832
2949491	2	562	7940
2951092	2	329	11948
2952637	2	244	4824
2953517	2	687	11854
2954194	2	530	1012
2955515	2	626	455
2956235	2	533	12546
2961077	2	197	12620
2961250	2	562	7940
2964075	2	100	470
2964313	2	522	746
2968751	2	137	8856
2969094	2	244	4824
2970937	2	77	12572
2971577	2	605	2261
2972222	2	395	7723
2975004	2	249	14647
2975389	2	279	12744
2975629	2	145	8030
2975683	2	625	7683
2977668	2	625	11647
2978557	2	625	6595
2978706	2	625	8780
2979340	2	197	12706
2980328	2	169	12911
2980341	2	255	11715
2980791	2	625	6595
2982325	2	255	7120
2982497	2	660	7804
2983801	2	255	7120
2983812	2	255	7120
2983830	2	255	7120
2984162	2	255	7120
2984170	2	255	7120
2984194	2	255	7120
2984325	2	625	8780
2984638	2	625	8780
2984655	2	221	13873
2984793	2	255	7120
2984855	2	677	13361
2985032	2	625	6595
2985475	2	625	6595
2985758	2	111	13168
2985833	2	255	7120
2985850	2	255	7120
2986267	2	438	7548
2986485	2	625	6595
2986489	2	294	7075
2986949	2	255	7120
2987814	2	607	6745
2987925	2	625	8374
2988035	2	625	6595
2988128	2	625	8780
2988193	2	500	12685
2988348	2	255	7120
2988356	2	255	7120
2989147	2	255	7120
2989153	2	255	7120
2989375	2	255	7120
2990025	2	255	7120
2990089	2	255	7120
2990149	2	255	7120
2990200	2	255	7120
2990256	2	255	7120
2990292	2	255	7120
2990352	2	255	7120
2990370	2	625	11647
2990744	2	255	7120
2990832	2	255	7120
2990957	2	255	7120
2991298	2	411	11578
2991330	2	255	7120
2991359	2	255	7120
2991382	2	411	11578
2991451	2	255	7120
2991773	2	255	7120
2991792	2	625	7683
2991874	2	255	7120
2993504	2	625	11647
2993759	2	625	8374
2993813	2	625	6595
2993848	2	625	8374
2993882	2	625	6595
2993929	2	625	6595
2994026	2	625	6595
2994059	2	255	7120
2994120	2	625	6595
2994235	2	625	6595
2994255	2	625	11647
2994387	2	625	6595
2994390	2	625	8374
2994457	2	625	6595
2994499	2	625	6595
2994587	2	625	6595
2994663	2	625	6595
2994834	2	625	8374
2994895	2	625	6595
2994961	2	625	8672
2995072	2	625	6595
2995094	2	625	8672
2995128	2	625	8672
2995136	2	625	8672
2995180	2	625	8374
2995234	2	625	8672
2995309	2	625	8672
2995325	2	625	8374
2995331	2	625	8672
2995381	2	625	8672
2995407	2	625	8672
2995442	2	625	8672
2995515	2	625	8374
2995571	2	625	8374
2995588	2	625	8672
2995636	2	625	8672
2995643	2	625	8374
2995662	2	625	6595
2995680	2	625	8374
2995706	2	625	8374
2995712	2	625	8374
2995717	2	625	6595
2995729	2	625	8374
2995740	2	625	6595
2995771	2	625	8672
2995839	2	625	8672
2995860	2	625	8672
2995876	2	625	6595
2995878	2	625	8374
2995928	2	625	8374
2995963	2	625	6595
2995973	2	625	6595
2995978	2	625	6595
2996001	2	625	6595
2996013	2	625	8374
2996023	2	625	6595
2996031	2	625	8672
2996038	2	625	6595
2996053	2	625	8374
2996061	2	625	6595
2996099	2	625	8672
2996100	2	625	8374
2996104	2	625	8672
2996125	2	625	6595
2996135	2	625	8374
2996153	2	625	6595
2996157	2	625	8672
2996181	2	625	6595
2996183	2	625	8672
2996192	2	625	6595
2996197	2	625	8672
2996222	2	625	8672
2996281	2	625	8374
2996325	2	625	8374
2996370	2	625	6595
2996391	2	625	8374
2996396	2	625	8374
2996407	2	625	8672
2996444	2	625	8672
2996450	2	625	6595
2996617	2	625	8374
2996653	2	625	8374
2996676	2	255	7120
2996711	2	625	6595
2996722	2	625	8672
2996731	2	625	6595
2996755	2	625	8672
2996771	2	625	6595
2996779	2	625	8672
2996801	2	625	8374
2996815	2	625	6595
2996843	2	625	8672
2996846	2	625	6595
2996860	2	625	8374
2996861	2	625	8374
2996868	2	625	6595
2996875	2	625	8374
2996887	2	625	6595
2996889	2	625	8374
2996912	2	625	6595
2996923	2	625	6595
2996924	2	625	8672
2996925	2	625	8374
2996940	2	625	8374
2996981	2	625	6595
2996990	2	625	8672
2997007	2	625	8672
2997037	2	625	8374
2997046	2	625	6595
2997075	2	625	8672
2997108	2	625	8374
2997129	2	625	8374
2997159	2	625	8374
2997176	2	625	8374
2997192	2	625	6595
2997206	2	625	8374
2997218	2	625	8374
2997230	2	625	8672
2997236	2	625	8374
2997247	2	625	8374
2997261	2	625	8672
2997265	2	625	8672
2997295	2	625	8672
2997296	2	625	6595
2997335	2	625	8672
2997361	2	625	6595
2997369	2	625	8374
2997370	2	625	6595
2997377	2	625	8672
2997392	2	625	8374
2997403	2	625	8374
2997425	2	625	8374
2997426	2	625	8374
2997495	2	625	8374
2997499	2	651	5088
2997511	2	625	6595
2997522	2	625	6595
2997537	2	625	6595
2997557	2	625	6595
2997608	2	625	8672
2997611	2	625	6595
2997615	2	625	8672
2997616	2	625	6595
2997626	2	625	6595
2997629	2	625	8374
2997648	2	625	8374
2997714	2	625	6595
2997717	2	625	8374
2997757	2	625	6595
2997838	2	625	6595
2997959	2	625	6595
2997966	2	625	6595
2998000	2	625	6595
2998036	2	625	8672
2998070	2	625	8672
2998075	2	625	8672
2998098	2	651	5088
2998113	2	625	6595
2998118	2	625	6595
2998120	2	625	8672
2998168	2	625	8672
2998212	2	625	8374
2998221	2	154	9183
2998235	2	625	8672
2998276	2	625	8672
2998279	2	625	6595
2998328	2	625	8672
2998331	2	625	6595
2998334	2	625	6595
2998375	2	625	8672
2998424	2	625	11647
2998465	2	625	11647
2998481	2	625	8672
2998514	2	625	8672
2998664	2	625	8672
2998680	2	625	6595
2998697	2	625	8672
2998748	2	625	6595
2998752	2	625	8672
2998790	2	625	8672
2998801	2	625	6595
2998854	2	625	7683
2998895	2	625	6595
2998941	2	625	6595
2998980	2	625	6595
2999040	2	625	8672
2999063	2	625	8672
2999076	2	625	6595
2999125	2	625	6595
2999151	2	625	8672
2999165	2	625	6595
2999195	2	625	8672
2999196	2	625	6595
2999214	2	625	6595
2999254	2	625	8672
2999543	2	625	8672
2999548	2	625	6595
2999559	2	625	6595
2999570	2	625	8672
2999613	2	625	6595
2999655	2	625	6595
2999726	2	625	6595
2999793	2	625	6595
2999900	2	255	7120
2999904	2	625	6595
2999950	2	625	6595
2999994	2	625	6595
3000038	2	625	6595
3000091	2	625	6595
3000187	2	625	6595
3000223	2	625	6595
3000228	2	625	6595
3000254	2	625	6595
3000256	2	625	6595
3000298	2	706	13003
3000317	2	625	6595
3000341	2	625	7683
3000355	2	625	6595
3000365	2	625	6595
3000377	2	625	6595
3000483	2	625	6595
3000511	2	625	6595
3000518	2	625	6595
3000538	2	625	6595
3000652	2	625	6595
3000770	2	625	6595
3000790	2	625	6595
3000840	2	625	6595
3000875	2	625	6595
3000883	2	625	6595
3000900	2	625	6595
3000924	2	625	6595
3000968	2	625	6595
3000991	2	625	6595
3001066	2	625	6595
3001101	2	625	7683
3001140	2	625	6595
3001173	2	625	6595
3001269	2	625	6595
3001355	2	625	6595
3001967	2	558	11832
3002440	2	625	7683
3002529	2	169	7656
3002744	2	625	7683
3002816	2	625	7683
3003035	2	625	7683
3003233	2	625	7683
3003270	2	411	11578
3003427	2	625	7683
3004130	2	625	7683
3004154	2	625	8780
3004618	2	169	7656
3004622	2	169	7656
3004628	2	169	7656
3005393	2	352	11154
3005421	2	625	7683
3005509	2	169	7656
3006248	2	294	7075
3006646	2	459	13096
3007087	2	625	8780
3007209	2	255	11715
3007530	2	625	8374
3007699	2	625	7683
3008554	2	615	15669
3008576	2	169	7656
3008583	2	169	7656
3008584	2	169	7656
3008653	2	374	537
3008841	2	625	8780
3009206	2	625	8780
3009666	2	625	8780
3009676	2	625	8780
3009748	2	625	8780
3010802	2	406	11828
3010952	2	625	8780
3011582	2	578	3219
3011725	2	651	5088
3011917	2	462	13478
3012009	2	411	11578
3012184	2	651	5088
3012472	2	625	11647
3012492	2	501	954
3012675	2	625	12641
3012983	2	625	6595
3013126	2	169	7656
3014061	2	625	11647
3014173	2	625	11647
3014190	2	625	8374
3014216	2	625	11647
3014235	2	625	11647
3014245	2	625	8374
3014273	2	625	8374
3014333	2	625	11952
3014403	2	625	11952
3014460	2	625	8374
3014482	2	625	8374
3014669	2	625	8780
3014680	2	625	8780
3014728	2	625	11952
3014807	2	625	7683
3014881	2	625	11952
3015012	2	625	8374
3015024	2	255	7120
3015188	2	625	7683
3015205	2	625	8374
3015348	2	255	7120
3015363	2	255	7120
3015428	2	255	7120
3015594	2	255	11715
3015727	2	517	1034
3015757	2	128	9034
3015987	2	255	7120
3016044	2	255	7120
3016073	2	255	7120
3016124	2	515	4842
3016131	2	255	7120
3016180	2	255	7120
3016711	2	236	11076
3016731	2	550	843
3016762	2	249	8692
3017097	2	255	7120
3017168	2	294	7075
3017185	2	255	7120
3017632	2	255	7120
3017634	2	625	8780
3017749	2	255	7120
3017765	2	92	13706
3017826	2	255	7120
3017900	2	255	7120
3017910	2	625	8780
3018074	2	325	11830
3018460	2	625	11647
3018781	2	518	8348
3018932	2	625	12641
3020009	2	449	6478
3020700	2	111	13168
3021175	2	167	12364
3021306	2	679	12844
3021424	2	625	7683
3021754	2	625	11647
3021828	2	625	7683
3021832	2	625	7683
3021869	2	625	7683
3021879	2	625	6595
3021883	2	625	7683
3021895	2	625	7683
3021902	2	625	7683
3021920	2	625	7683
3021929	2	625	11647
3021948	2	625	11647
3022060	2	625	11647
3022391	2	625	11647
3022504	2	625	7683
3022979	2	238	783
3023769	2	625	8780
3024599	2	625	12641
3024633	2	277	3073
3024986	2	158	14276
3025042	2	411	9007
3025281	2	363	13978
3025548	2	145	8030
3025567	2	180	8080
3025891	2	625	12641
3026329	2	186	13967
3026584	2	251	4192
3026737	2	269	8123
3027121	2	577	2502
3027625	2	625	8780
3027735	2	186	8695
3027953	2	590	8899
3029645	2	526	14189
3030386	2	406	11828
3030527	2	274	9773
3030805	2	191	13634
3031355	2	269	8123
3031467	2	526	14189
3032184	2	625	11647
3032593	2	279	13915
3033483	2	92	13706
3033879	2	625	7683
3034154	2	161	7308
3034202	2	411	11578
3034212	2	279	14630
3035006	2	634	7178
3035389	2	625	6595
3035423	2	634	7178
3036151	2	530	1012
3036165	2	103	12890
3036889	2	276	14257
3036913	2	126	459
3037206	2	628	885
3037577	2	411	9007
3037966	2	310	8293
3038793	2	625	8780
3039238	2	411	11578
3039298	2	625	6595
3040045	2	146	7632
3040090	2	363	13978
3040117	2	160	343
3040592	2	266	13028
3040685	2	244	4824
3041849	2	321	5113
3041994	2	72	14126
3042013	2	526	14189
3042685	2	211	3515
3043520	2	625	8374
3044407	2	625	8780
3045193	2	279	14630
3045475	2	411	6031
3045591	2	279	11425
3045644	2	625	8780
3046040	2	249	8692
3046089	2	651	5088
3046270	2	279	14965
3046588	2	459	13096
3046724	2	118	16063
3047244	2	625	8374
3047589	2	151	14009
3048418	2	90	12125
3048568	2	683	1187
3049342	2	411	11578
3049351	2	279	13765
3049470	2	269	8123
3050022	2	92	13706
3050231	2	130	5428
3050575	2	92	13706
3051222	2	279	14965
3051315	2	279	14965
3051360	2	625	12641
3051721	2	211	14755
3052565	2	648	14363
3052639	2	457	13801
3052769	2	625	8780
3052962	2	648	14363
3053129	2	511	14726
3053501	2	279	11425
3053681	2	279	11425
3053723	2	279	11425
3053786	2	279	11425
3053796	2	154	10802
3053820	2	279	11425
3053897	2	186	8695
3053989	2	411	11578
3053991	2	279	11425
3054036	2	279	11425
3054050	2	279	11425
3054081	2	279	11425
3054092	2	279	11425
3054219	2	279	13915
3054350	2	316	7145
3054351	2	279	11425
3054407	2	279	11425
3054546	2	279	11425
3054576	2	256	7766
3054699	2	269	8123
3054732	2	279	11425
3055072	2	651	5088
3055140	2	411	9007
3055362	2	279	11425
3055437	2	255	7124
3055468	2	279	11425
3055493	2	151	14009
3055560	2	255	7120
3055611	2	339	11882
3055687	2	325	11830
3055722	2	255	11715
3055829	2	255	11715
3055889	2	457	14712
3055992	2	255	11715
3056055	2	406	11828
3056255	2	256	13097
3056513	2	545	578
3056543	2	607	5035
3056680	2	269	8123
3056819	2	279	14965
3056868	2	279	13915
3056883	2	625	8386
3057236	2	625	8386
3057263	2	92	13706
3057290	2	255	11715
3057323	2	255	7124
3057341	2	255	7124
3057546	2	625	8386
3057571	2	279	13915
3057773	2	279	13915
3057780	2	211	8526
3058061	2	562	7940
3058184	2	279	13915
3058556	2	2388	12561
3058738	2	255	7124
3058826	2	279	11425
3058898	2	186	8695
3058971	2	279	11425
3058996	2	279	11425
3059040	2	279	11425
3059094	2	255	7120
3059215	2	186	8695
3059224	2	279	13915
3059302	2	279	13915
3059305	2	279	13915
3059369	2	255	7124
3059373	2	255	7120
3059378	2	279	13915
3059400	2	279	13915
3059478	2	337	11075
3059480	2	255	11715
3059493	2	279	13915
3059540	2	279	13915
3059589	2	325	11830
3059594	2	446	1714
3059634	2	339	11882
3059712	2	625	6595
3059738	2	279	11425
3059749	2	150	13581
3059831	2	279	13915
3059832	2	511	14726
3059845	2	619	8801
3059871	2	279	13915
3059901	2	279	13915
3059907	2	279	13915
3059918	2	279	13915
3059953	2	279	13915
3059977	2	279	13915
3059985	2	77	6433
3059990	2	279	13915
3059995	2	279	13915
3060140	2	279	13915
3060220	2	279	13915
3060245	2	279	11425
3060248	2	279	11425
3060396	2	279	13915
3060417	2	279	11425
3060466	2	279	13915
3060502	2	279	13915
3060563	2	279	13915
3060691	2	279	13915
3060744	2	279	11425
3060764	2	625	8386
3060823	2	279	13915
3060827	2	625	8386
3060959	2	279	13915
3060979	2	279	11425
3060996	2	279	11425
3061037	2	511	14726
3061066	2	325	11830
3061115	2	526	14189
3061262	2	279	13915
3061472	2	279	13915
3061492	2	279	13915
3061505	2	279	13915
3061532	2	325	11830
3061544	2	279	11425
3061546	2	325	11830
3061549	2	255	7120
3061558	2	279	11425
3061573	2	279	11425
3061575	2	279	11425
3061590	2	279	11425
3061596	2	279	11425
3061688	2	255	7124
3061734	2	411	11578
3061755	2	325	11830
3061885	2	255	11715
3061942	2	325	11830
3062359	2	255	7124
3062533	2	695	11573
3062544	2	255	11715
3062580	2	255	7124
3062606	2	406	11828
3062690	2	411	9007
3062751	2	679	12844
3062952	2	255	7124
3062960	2	255	7120
3062969	2	279	13915
3062978	2	255	11715
3062991	2	255	11715
3063003	2	255	11715
3063201	2	625	11647
3063283	2	255	11715
3063300	2	679	12844
3063464	2	679	12844
3063545	2	625	8386
3063585	2	174	9666
3063624	2	625	8386
3063710	2	690	10714
3063715	2	457	13821
3063741	2	625	8386
3063770	2	192	1231
3063884	2	2388	12561
3064139	2	236	11076
3064336	2	625	8386
3064388	2	279	13915
3064464	2	325	11830
3064487	2	279	13915
3064521	2	679	12844
3064556	2	279	13915
3064573	2	236	11076
3064636	2	526	14729
3064771	2	255	11715
3064959	2	625	6595
3064980	2	236	11076
3065032	2	291	12963
3065037	2	625	11647
3065175	2	625	8780
3065278	2	255	11715
3065308	2	255	11715
3065329	2	255	7124
3065334	2	255	11715
3065417	2	174	9666
3065472	2	255	7120
3065534	2	511	14726
3065616	2	80	1285
3065769	2	494	744
3065837	2	366	8156
3065853	2	236	11076
3065867	2	255	7124
3065894	2	255	7124
3065906	2	236	11076
3065915	2	255	11715
3066085	2	90	12125
3066107	2	90	12125
3066141	2	654	13508
3066145	2	511	14726
3066213	2	651	5088
3066344	2	679	12844
3066402	2	185	8707
3066417	2	255	11715
3066442	2	255	11715
3066457	2	186	15658
3066510	2	255	7120
3066646	2	255	11715
3066669	2	186	15079
3066675	2	644	14410
3066779	2	285	14248
3066833	2	651	5088
3066944	2	382	12879
3067153	2	648	15792
3067242	2	411	11578
3067268	2	515	4842
3067327	2	651	5088
3067337	2	515	4842
3067498	2	325	11830
3067550	2	674	3094
3067643	2	490	5143
3067661	2	299	13450
3067777	2	322	13842
3067782	2	279	13765
3067841	2	625	8780
3067949	2	411	11578
3067988	2	279	11425
3068026	2	630	12857
3068052	2	80	1285
3068177	2	345	12229
3068218	2	255	7120
3068219	2	82	14269
3068237	2	553	5027
3068248	2	325	11830
3068257	2	166	9019
3068263	2	103	170
3068366	2	492	9940
3068374	2	151	14009
3068395	2	255	7120
3068454	2	637	16563
3068470	2	255	7124
3068524	2	625	11952
3068529	2	151	14009
3068585	2	255	7124
3068630	2	255	7120
3068636	2	255	11715
3068693	2	651	5088
3068822	2	635	1193
3068894	2	371	13310
3068965	2	554	8141
3068991	2	651	5088
3069002	2	511	14726
3069096	2	255	11715
3069099	2	629	12524
3069102	2	255	11715
3069126	2	255	11715
3069212	2	180	8080
3069278	2	625	6595
3069384	2	236	11076
3069460	2	255	11715
3069534	2	607	5035
3069571	2	607	5035
3069590	2	255	11715
3069607	2	607	5035
3069609	2	151	14009
3069711	2	255	7124
3069733	2	320	14019
3069793	2	607	5035
3069878	2	103	170
3069879	2	279	13915
3069884	2	255	11715
3069888	2	255	11715
3069905	2	255	11715
3069947	2	279	13765
3069979	2	151	14009
3070018	2	225	4852
3070065	2	457	13772
3070067	2	255	11715
3070072	2	477	9078
3070081	2	221	13873
3070104	2	323	9070
3070143	2	255	11715
3070195	2	477	9078
3070217	2	633	13983
3070264	2	221	13873
3070268	2	221	13873
3070273	2	221	13873
3070297	2	656	6423
3070323	2	375	700
3070335	2	577	2502
3070339	2	650	3903
3070346	2	541	13503
3070364	2	403	13379
3070367	2	644	14410
3070383	2	607	5035
3070390	2	176	7151
3070393	2	241	12874
3070409	2	457	13772
3070425	2	716	12297
3070427	2	425	7095
3070435	2	457	14659
3070446	2	329	12317
3070447	2	480	5634
3070454	2	698	8843
3070456	2	425	7095
3070473	2	722	13396
3070496	2	425	7095
3070499	2	137	8856
3070507	2	457	4897
3070515	2	368	8317
3070551	2	429	14591
3070561	2	323	14629
3070573	2	335	11793
3070579	2	670	8604
3070582	2	428	1672
3070603	2	529	6293
3070604	2	384	6503
3070641	2	644	14410
3070669	2	635	1193
3070713	2	356	13370
3070715	2	500	14106
3070730	2	564	10733
3070733	2	325	11830
3070756	2	619	8801
3070767	2	494	744
3070780	2	2388	10247
3070787	2	683	1187
3070790	2	522	746
3070793	2	500	12417
3070795	2	500	12417
3070797	2	418	10435
3070800	2	567	12366
3070810	2	151	14009
3070811	2	650	3903
3070818	2	237	7853
3070819	2	325	11830
3070821	2	301	7430
3070841	2	151	14009
3070842	2	67	8351
3070853	2	325	11830
3070883	2	607	5035
3070893	2	424	13428
3070896	2	237	7853
3070905	2	151	14009
3070906	2	279	11425
3070908	2	399	13661
3070912	2	592	5090
3070916	2	329	12317
3070928	2	279	11425
3070934	2	607	5035
3070942	2	279	11425
3070949	2	279	11425
3070952	2	457	14659
3070956	2	278	6039
3070961	2	395	7723
3070967	2	279	13915
3070978	2	228	11716
3070985	2	635	1193
3070989	2	151	14009
3070995	2	323	9070
3071004	2	607	5035
3071009	2	151	14009
3071019	2	446	1714
3071026	2	656	6423
3071031	2	228	11716
3071036	2	651	5088
3071045	2	151	14009
3071056	2	695	11573
3071061	2	261	8162
3071069	2	395	7723
3071079	2	457	13821
3071083	2	237	7853
3071086	2	607	5035
3071151	2	279	13765
3071159	2	558	11832
3071165	2	166	4797
3071169	2	279	11425
3071198	2	329	12317
3071218	2	255	7120
3071224	2	620	4117
3071228	2	203	8615
3071234	2	88	8231
3071255	2	477	9078
3071263	2	294	7075
3071281	2	440	9980
3071292	2	635	1193
3071304	2	403	13379
3071333	2	395	7723
3071336	2	716	12297
3071344	2	237	7853
3071345	2	213	1177
3071362	2	279	11425
3071366	2	236	11076
3071369	2	325	11830
3071376	2	237	7853
3071383	2	237	7853
3071390	2	457	13799
3071400	2	395	7723
3071428	2	95	10084
3071437	2	72	14126
3071452	2	267	8153
3071457	2	228	11716
3071473	2	195	11618
3071491	2	298	12562
3071521	2	679	12844
3071530	2	399	13661
3071533	2	325	11830
3071537	2	95	10084
3071554	2	221	13873
3071563	2	635	1193
3071565	2	325	11830
3071572	2	151	14009
3071578	2	228	11716
3071593	2	228	11716
3071616	2	716	12297
3071630	2	228	11716
3071638	2	213	1177
3071641	2	619	8801
3071647	2	635	1193
3071673	2	661	3840
3071674	2	411	11578
3071685	2	325	11830
3071693	2	399	13661
3071711	2	597	7271
3071714	2	511	14726
3071722	2	213	1177
3071724	2	77	9012
3071761	2	587	4526
3071801	2	95	10084
3071817	2	619	8801
3071827	2	457	13799
3071832	2	582	13406
3071837	2	95	10084
3071847	2	134	9671
3071877	2	311	13704
3071894	2	345	12229
3071897	2	156	6897
3071898	2	154	10802
3071899	2	325	11830
3071901	2	88	8231
3071903	2	553	11292
3071926	2	213	1177
3071927	2	179	10771
3071928	2	494	744
3071937	2	635	1193
3071947	2	345	12229
3071953	2	644	14410
3071970	2	95	10084
3071993	2	179	10771
3071995	2	678	973
3072005	2	105	5353
3072011	2	221	10605
3072016	2	605	12667
3072017	2	95	10084
3072018	2	644	14410
3072021	2	619	8801
3072025	2	179	10771
3072026	2	522	746
3072033	2	221	10605
3072036	2	105	5353
3072037	2	325	11830
3072039	2	2388	10254
3072044	2	239	14151
3072045	2	154	10802
3072046	2	105	5353
3072052	2	95	10084
3072062	2	213	1177
3072066	2	587	4526
3072067	2	406	11828
3072072	2	237	7853
3072096	2	619	8801
3072104	2	399	13661
3072106	2	619	8801
3072116	2	95	10084
3072124	2	279	11425
3072128	2	399	13661
3072142	2	506	11819
3072145	2	695	11573
3072148	2	530	1012
3072149	2	95	10084
3072157	2	399	13661
3072169	2	325	11830
3072178	2	95	10084
3072196	2	388	1777
3072199	2	173	8665
3072204	2	388	1777
3072217	2	173	8665
3072225	2	325	11830
3072235	2	279	13915
3072239	2	595	1265
3072242	2	388	1777
3072248	2	279	13915
3072249	2	325	11830
3072259	2	457	13800
3072278	2	595	1265
3072283	2	428	1672
3072295	2	95	10084
3072296	2	117	5180
3072325	2	368	8317
3072326	2	95	10084
3072328	2	74	13954
3072329	2	388	1777
3072333	2	558	11832
3072349	2	617	8586
3072351	2	489	13708
3072385	2	617	8586
3072425	2	100	470
3072433	2	595	1265
3072437	2	609	14012
3072438	2	249	13181
3072464	2	279	13765
3072486	2	619	8801
3072500	2	595	1265
3072504	2	186	14453
3072506	2	213	1177
3072509	2	220	7862
3072515	2	595	1265
3072520	2	173	8665
3072527	2	179	10771
3072528	2	221	10605
3072529	2	679	12844
3072542	2	173	8665
3072550	2	651	5088
3072555	2	635	1193
3072570	2	158	14276
3072583	2	220	7862
3072587	2	457	13772
3072615	2	679	12844
3072651	2	651	5088
3072662	2	332	2318
3072672	2	417	13135
3072691	2	594	7764
3072701	2	411	11578
3072705	2	90	752
3072709	2	595	1265
3072718	2	400	9082
3072720	2	90	752
3072772	2	203	8615
3072786	2	595	1265
3072807	2	619	8801
3072836	2	403	13379
3072837	2	457	14659
3072851	2	203	8615
3072866	2	165	779
3072881	2	241	12874
3072891	2	111	13168
3072909	2	625	7821
3072934	2	200	11771
3072949	2	661	3840
3072950	2	2388	14367
3072983	2	607	5035
3073001	2	468	13598
3073009	2	489	13708
3073010	2	428	1672
3073012	2	301	7430
3073024	2	698	8843
3073026	2	203	8615
3073028	2	62	7265
3073034	2	489	13708
3073035	2	698	8843
3073044	2	457	6327
3073051	2	255	7120
3073064	2	489	13708
3073068	2	516	13034
3073072	2	586	13303
3073076	2	62	7265
3073096	2	489	13708
3073102	2	221	13873
3073109	2	301	7430
3073119	2	457	4897
3073139	2	607	5035
3073166	2	237	7853
3073168	2	619	8801
3073170	2	620	6609
3073171	2	597	7271
3073173	2	651	5088
3073177	2	237	7853
3073183	2	237	7853
3073197	2	619	8801
3073206	2	95	10084
3073210	2	428	1672
3073211	2	151	14009
3073212	2	89	13597
3073250	2	619	8801
3073255	2	221	10605
3073262	2	597	7271
3073269	2	651	5088
3073275	2	221	10605
3073279	2	339	11882
3073288	2	428	1672
3073303	2	413	6568
3073308	2	457	6327
3073311	2	90	752
3073320	2	597	7271
3073321	2	428	1672
3073324	2	99	12032
3073345	2	221	13873
3073346	2	173	8665
3073350	2	454	8572
3073358	2	90	752
3073364	2	661	3840
3073369	2	322	13842
3073385	2	237	7853
3073396	2	2388	11558
3073404	2	322	13842
3073418	2	661	3840
3073423	2	203	8615
3073428	2	322	13842
3073447	2	173	8665
3073449	2	173	8665
3073451	2	237	7853
3073455	2	298	12562
3073458	2	619	8801
3073466	2	2388	12109
3073474	2	457	13799
3073479	2	411	11578
3073480	2	625	7821
3073494	2	661	3840
3073498	2	411	11578
3073510	2	661	3840
3073532	2	217	13288
3073562	2	316	7145
3073570	2	398	13177
3073582	2	541	11225
3073588	2	484	8693
3073594	2	239	14151
3073599	2	691	11396
3073609	2	695	11573
3073639	2	571	8703
3073644	2	607	5035
3073645	2	698	8843
3073663	2	651	5088
3073670	2	698	8843
3073676	2	457	13772
3073679	2	399	13661
3073681	2	586	13303
3073686	2	554	14649
3073727	2	586	13303
3073733	2	697	11757
3073734	2	694	13410
3073743	2	651	5088
3073750	2	131	13432
3073751	2	597	7271
3073763	2	399	13661
3073768	2	695	11573
3073774	2	619	8801
3073775	2	457	4897
3073783	2	339	11882
3073791	2	574	13973
3073800	2	457	4897
3073808	2	632	13883
3073811	2	491	7966
3073812	2	457	6327
3073825	2	635	1193
3073830	2	607	5035
3073833	2	161	6856
3073840	2	651	5088
3073860	2	554	8141
3073873	2	140	12613
3073908	2	457	13821
3073929	2	529	6757
3073947	2	188	11872
3073956	2	619	8801
3073968	2	507	509
3073972	2	221	13873
3073994	2	267	8153
3074012	2	411	11578
3074013	2	607	5035
3074041	2	454	8572
3074065	2	173	8665
3074072	2	457	13772
3074085	2	457	14086
3074102	2	186	14453
3074117	2	255	11715
3074132	2	457	4897
3074138	2	255	11715
3074151	2	607	5035
3074183	2	619	8801
3074196	2	477	14622
3074203	2	695	11573
3074208	2	457	13813
3074210	2	457	4897
3074223	2	90	12125
3074224	2	411	11578
3074239	2	90	12125
3074241	2	484	8693
3074268	2	621	13209
3074284	2	129	9032
3074302	2	359	6066
3074319	2	408	6996
3074323	2	203	8618
3074343	2	359	6066
3074389	2	457	13821
3074398	2	619	8801
3074424	2	322	13842
3074426	2	185	10941
3074432	2	411	11578
3074441	2	136	10449
3074444	2	255	11715
3074459	2	322	13842
3074476	2	215	14085
3074492	2	322	13842
3074496	2	185	10941
3074513	2	629	12524
3074529	2	500	11515
3074531	2	145	8030
3074558	2	137	8856
3074585	2	255	11715
3074591	2	403	13379
3074598	2	255	11715
3074620	2	279	11425
3074631	2	358	13827
3074646	2	457	14236
3074652	2	399	13661
3074665	2	477	14622
3074666	2	656	6423
3074671	2	255	11715
3074679	2	457	14651
3074688	2	255	7120
3074705	2	207	12738
3074731	2	607	5035
3074744	2	511	14726
3074760	2	457	4897
3074763	2	411	11578
3074764	2	373	13488
3074767	2	457	13799
3074792	2	640	2407
3074799	2	640	2407
3074809	2	279	11425
3074814	2	255	11715
3074828	2	698	8843
3074833	2	576	12566
3074834	2	544	12060
3074835	2	619	8801
3074842	2	249	8692
3074854	2	255	11715
3074855	2	698	8843
3074862	2	650	3903
3074866	2	249	8692
3074867	2	369	12914
3074874	2	255	11715
3074882	2	505	11306
3074891	2	407	706
3074897	2	399	13661
3074903	2	619	8801
3074912	2	408	6996
3074923	2	255	7124
3074924	2	553	12589
3074944	2	245	8191
3074961	2	249	8692
3074977	2	249	8692
3074985	2	373	13488
3074997	2	457	13799
3075021	2	369	12914
3075023	2	216	1738
3075029	2	510	831
3075038	2	266	13028
3075051	2	477	14622
3075065	2	651	5088
3075078	2	332	2318
3075101	2	494	744
3075103	2	173	8665
3075112	2	649	1475
3075145	2	403	13379
3075158	2	103	12890
3075160	2	125	12934
3075166	2	403	13379
3075168	2	255	11715
3075183	2	513	14284
3075188	2	173	8665
3075200	2	255	11715
3075201	2	301	7430
3075210	2	103	12890
3075265	2	607	5035
3075268	2	607	5035
3075270	2	651	5088
3075273	2	255	11715
3075281	2	200	11771
3075308	2	255	11715
3075313	2	255	11715
3075315	2	619	8801
3075316	2	477	14622
3075322	2	255	11715
3075333	2	92	13706
3075342	2	332	2318
3075349	2	213	1177
3075362	2	236	11076
3075370	2	277	6574
3075378	2	339	11882
3075379	2	660	7804
3075382	2	607	5035
3075385	2	404	14311
3075404	2	500	8429
3075421	2	255	7124
3075428	2	255	7120
3075433	2	403	13379
3075435	2	279	11425
3075444	2	500	8429
3075462	2	656	6423
3075475	2	395	7723
3075482	2	225	4852
3075485	2	298	12562
3075486	2	520	10245
3075517	2	395	7723
3075521	2	530	1012
3075528	2	221	13873
3075529	2	322	13842
3075530	2	279	13915
3075555	2	629	12524
3075558	2	644	14410
3075577	2	275	14357
3075579	2	131	13432
3075593	2	629	12524
3075603	2	477	9078
3075613	2	454	8572
3075614	2	692	9026
3075645	2	454	8572
3075647	2	221	13873
3075648	2	204	11241
3075657	2	102	8207
3075682	2	221	13873
3075687	2	213	1177
3075691	2	377	14111
3075703	2	221	10605
3075729	2	221	10605
3075739	2	403	13379
3075746	2	213	1177
3075748	2	161	7308
3075782	2	221	10605
3075810	2	192	1231
3075812	2	648	14363
3075832	2	607	5035
3075844	2	179	10771
3075845	2	168	6915
3075894	2	386	11986
3075896	2	129	9032
3075897	2	427	13364
3075900	2	173	8665
3075901	2	607	5035
3075913	2	440	9980
3075914	2	376	11959
3075933	2	607	5035
3075936	2	644	11579
3075939	2	376	11959
3075942	2	151	14009
3075954	2	403	13379
3075959	2	607	5035
3075976	2	221	10605
3076001	2	151	14009
3076034	2	607	5035
3076049	2	186	14453
3076050	2	186	14453
3076051	2	231	627
3076052	2	648	14363
3076053	2	447	8242
3076074	2	531	10986
3076095	2	376	11959
3076098	2	161	7308
3076101	2	572	13472
3076104	2	186	14453
3076108	2	188	11872
3076109	2	454	8572
3076154	2	607	5035
3076156	2	607	5035
3076158	2	480	5634
3076163	2	462	13478
3076182	2	221	13873
3076186	2	457	14651
3076192	2	607	5035
3076196	2	432	11279
3076198	2	457	13771
3076221	2	432	11279
3076223	2	255	7120
3076246	2	376	11959
3076251	2	607	5035
3076275	2	170	14336
3076281	2	168	6915
3076289	2	648	14363
3076302	2	607	5035
3076311	2	651	5088
3076325	2	477	14622
3076335	2	620	6609
3076358	2	179	10771
3076360	2	695	11573
3076366	2	651	5088
3076383	2	621	13209
3076384	2	553	5027
3076387	2	249	13181
3076389	2	471	11918
3076405	2	399	13661
3076406	2	651	5088
3076418	2	457	2935
3076420	2	390	11053
3076422	2	597	7271
3076437	2	575	7730
3076442	2	221	10605
3076451	2	395	7723
3076469	2	376	13069
3076470	2	225	4852
3076484	2	376	13069
3076487	2	457	14651
3076499	2	403	13379
3076506	2	597	7271
3076525	2	457	13792
3076527	2	403	13379
3076543	2	249	13181
3076548	2	376	13069
3076554	2	249	13181
3076559	2	175	9037
3076560	2	225	4852
3076563	2	592	5090
3076580	2	173	8665
3076587	2	562	7940
3076592	2	650	3903
3076601	2	322	13842
3076607	2	130	5428
3076609	2	236	11076
3076619	2	399	13661
3076620	2	161	6856
3076626	2	221	13873
3076629	2	609	14012
3076652	2	791	2565
3076659	2	161	6856
3076662	2	691	11396
3076671	2	403	13379
3076680	2	529	6757
3076681	2	716	12297
3076684	2	403	13379
3076691	2	161	6856
3076693	2	236	11076
3076706	2	654	13508
3076708	2	474	13202
3076714	2	625	7683
3076727	2	249	13181
3076745	2	203	8615
3076759	2	651	5088
3076765	2	213	1177
3076766	2	625	7683
3076784	2	607	5035
3076792	2	255	7124
3076794	2	403	13379
3076808	2	457	13819
3076811	2	255	7120
3076835	2	607	5035
3076854	2	255	11715
3076856	2	221	10605
3076864	2	255	11715
3076866	2	651	5088
3076890	2	255	7124
3076895	2	283	14342
3076906	2	411	11578
3076911	2	610	7895
3076914	2	638	941
3076916	2	130	5428
3076933	2	236	11076
3076949	2	203	8618
3076956	2	251	4192
3076958	2	500	8429
3076960	2	648	14363
3076965	2	203	8618
3076972	2	638	941
3076973	2	151	14009
3076984	2	236	11076
3076989	2	164	13422
3077008	2	161	7308
3077025	2	648	14363
3077037	2	648	14363
3077046	2	648	14363
3077055	2	133	14378
3077057	2	501	954
3077068	2	575	7730
3077084	2	597	7271
3077093	2	559	1732
3077101	2	405	13943
3077106	2	186	14453
3077112	2	255	7120
3077126	2	716	12297
3077130	2	597	7271
3077138	2	322	13842
3077159	2	225	11544
3077160	2	255	13188
3077172	2	134	9671
3077185	2	213	1177
3077200	2	173	8665
3077202	2	562	7940
3077204	2	635	1193
3077205	2	562	7940
3077211	2	638	941
3077219	2	322	13842
3077230	2	645	14213
3077241	2	582	13406
3077242	2	597	7271
3077247	2	204	11241
3077263	2	369	12914
3077276	2	161	7308
3077277	2	90	12125
3077296	2	221	10605
3077310	2	221	12805
3077311	2	221	10605
3077316	2	457	14714
3077324	2	411	11578
3077331	2	671	13150
3077359	2	648	14363
3077363	2	266	13028
3077386	2	791	2565
3077389	2	221	10605
3077394	2	597	7271
3077402	2	221	10605
3077417	2	369	12914
3077418	2	173	8665
3077449	2	186	14453
3077462	2	403	13379
3077484	2	296	566
3077497	2	114	12494
3077499	2	225	4852
3077502	2	650	3903
3077528	2	2388	10254
3077529	2	487	8414
3077530	2	254	14268
3077538	2	221	10605
3077540	2	640	2407
3077542	2	203	8615
3077549	2	482	8784
3077564	2	597	7271
3077572	2	582	13406
3077575	2	278	6039
3077583	2	597	7271
3077589	2	278	6039
3077592	2	477	14622
3077603	2	644	14410
3077607	2	326	11904
3077635	2	264	1545
3077641	2	395	7723
3077645	2	619	8801
3077667	2	266	13028
3077670	2	266	13028
3077686	2	644	14410
3077698	2	644	14410
3077734	2	266	13028
3077759	2	651	5088
3077763	2	278	6039
3077781	2	266	13028
3077787	2	416	12705
3077791	2	266	13028
3077797	2	554	8141
3077801	2	266	13028
3077802	2	301	7430
3077812	2	619	8801
3077816	2	477	14622
3077824	2	161	7308
3077834	2	358	13827
3077835	2	553	5027
3077841	2	553	5027
3077847	2	326	11904
3077853	2	225	4852
3077875	2	214	7122
3077881	2	477	9078
3077882	2	684	6097
3077883	2	249	8692
3077909	2	214	7122
3077913	2	320	14483
3077921	2	477	9078
3077924	2	651	5088
3077948	2	110	13720
3077950	2	279	11425
3077951	2	562	7940
3077960	2	77	14756
3077963	2	266	13028
3077974	2	651	5088
3077983	2	477	9078
3077988	2	587	4526
3077990	2	446	1714
3078026	2	312	5125
3078030	2	619	8801
3078033	2	354	13423
3078034	2	214	7122
3078043	2	291	12963
3078057	2	241	13387
3078059	2	168	10888
3078110	2	137	8856
3078138	2	540	6764
3078148	2	457	13818
3078177	2	240	10710
3078179	2	572	13472
3078191	2	399	13661
3078202	2	572	13472
3078207	2	457	13820
3078211	2	480	5634
3078223	2	529	6757
3078234	2	173	8665
3078262	2	288	1742
3078272	2	572	13472
3078310	2	572	13472
3078348	2	676	8619
3078353	2	173	8665
3078354	2	291	12963
3078355	2	664	12767
3078393	2	676	8619
3078395	2	651	5088
3078397	2	207	10006
3078401	2	597	7271
3078409	2	403	13379
3078417	2	168	10888
3078419	2	477	9078
3078440	2	651	5088
3078447	2	94	13383
3078454	2	214	7122
3078457	2	651	5088
3078459	2	236	11076
3078465	2	529	6757
3078468	2	236	11076
3078477	2	619	8801
3078486	2	572	13472
3078497	2	503	620
3078512	2	477	9078
3078513	2	619	8801
3078528	2	214	7122
3078589	2	477	14622
3078606	2	639	657
3078608	2	716	12297
3078611	2	597	7271
3078634	2	400	9082
3078638	2	186	14453
3078639	2	438	7548
3078641	2	633	12095
3078645	2	136	10449
3078651	2	2388	10258
3078657	2	186	14453
3078658	2	597	7271
3078676	2	221	13873
3078679	2	186	14453
3078688	2	477	14622
3078699	2	161	6856
3078704	2	185	10941
3078739	2	621	13209
3078772	2	246	8148
3078775	2	460	8496
3078778	2	262	14263
3078781	2	544	12060
3078793	2	610	7895
3078801	2	639	657
3078809	2	403	13379
3078823	2	540	6764
3078825	2	237	7853
3078826	2	558	11832
3078863	2	161	7308
3078868	2	403	13379
3078870	2	166	4797
3078883	2	403	13379
3078897	2	301	7430
3078899	2	648	14363
3078903	2	399	13661
3078918	2	554	8141
3078920	2	553	5027
3078922	2	373	13488
3078938	2	237	7853
3078939	2	469	4940
3078948	2	651	5088
3078957	2	411	11578
3078965	2	221	13873
3078967	2	75	8354
3078971	2	373	13488
3078974	2	255	11715
3078980	2	186	14453
3078990	2	399	13661
3078996	2	639	657
3079012	2	399	13661
3079017	2	221	13873
3079022	2	429	14591
3079026	2	186	14453
3079029	2	399	13661
3079042	2	316	7145
3079049	2	174	7580
3079058	2	102	8207
3079063	2	221	13873
3079075	2	237	7853
3079081	2	174	7580
3079082	2	279	11425
3079098	2	221	13873
3079100	2	558	11832
3079120	2	71	11509
3079128	2	680	771
3079132	2	277	6574
3079149	2	388	1777
3079155	2	182	6053
3079166	2	173	8665
3079170	2	237	7853
3079173	2	388	1777
3079182	2	592	5090
3079187	2	619	8801
3079192	2	120	2621
3079203	2	161	6856
3079204	2	648	14363
3079213	2	335	11793
3079214	2	279	13765
3079237	2	173	8665
3079248	2	690	10714
3079255	2	329	11948
3079257	2	249	8692
3079264	2	90	752
3079269	2	360	1145
3079274	2	145	8030
3079275	2	680	771
3079276	2	361	13562
3079277	2	477	9078
3079299	2	301	7430
3079322	2	173	8665
3079324	2	168	10878
3079328	2	145	8030
3079332	2	329	11948
3079343	2	553	5027
3079345	2	186	14453
3079350	2	322	13842
3079354	2	654	13508
3079356	2	145	8030
3079393	2	684	6097
3079396	2	405	13943
3079404	2	129	9032
3079409	2	145	8030
3079410	2	572	13472
3079442	2	221	13873
3079465	2	586	13303
3079476	2	320	14676
3079490	2	325	11830
3079515	2	77	14756
3079520	2	586	13303
3079532	2	597	8636
3079541	2	651	5088
3079550	2	366	8156
3079559	2	619	8801
3079584	2	692	9026
3079585	2	161	7308
3079586	2	266	13028
3079603	2	161	6856
3079635	2	494	744
3079641	2	186	14453
3079667	2	650	3903
3079676	2	221	13873
3079680	2	320	14676
3079709	2	129	9032
3079729	2	370	7333
3079737	2	684	6097
3079742	2	339	11882
3079757	2	186	14453
3079761	2	690	10714
3079762	2	339	11882
3079794	2	161	7308
3079795	2	647	8596
3079797	2	521	14199
3079807	2	655	4977
3079813	2	339	11882
3079842	2	279	13765
3079844	2	597	8636
3079848	2	336	5791
3079857	2	130	5428
3079860	2	586	13303
3079883	2	146	7632
3079900	2	452	11859
3079968	2	221	13873
3079977	2	186	14453
3079978	2	168	10888
3079992	2	103	12890
3080007	2	605	12668
3080014	2	284	14370
3080019	2	298	12562
3080021	2	213	1177
3080037	2	168	10888
3080055	2	240	10710
3080064	2	579	2305
3080072	2	716	12297
3080092	2	146	7632
3080103	2	145	8030
3080108	2	716	12297
3080110	2	168	154
3080113	2	351	8252
3080125	2	161	6856
3080159	2	477	14622
3080174	2	131	13432
3080186	2	320	14676
3080196	2	483	6773
3080206	2	477	14622
3080208	2	477	14622
3080218	2	266	13028
3080222	2	651	5088
3080246	2	411	11578
3080253	2	162	2801
3080259	2	220	7862
3080275	2	666	14590
3080306	2	632	13887
3080331	2	520	10245
3080339	2	388	1777
3080357	2	370	7333
3080379	2	176	7151
3080390	2	716	12297
3080396	2	619	8801
3080397	2	370	7333
3080398	2	249	8692
3080415	2	286	1162
3080441	2	370	7333
3080447	2	221	13873
3080494	2	477	14622
3080508	2	644	14410
3080523	2	286	1162
3080530	2	249	14647
3080535	2	529	6757
3080564	2	221	13873
3080565	2	206	9875
3080580	2	633	13983
3080588	2	255	13188
3080603	2	529	6757
3080605	2	249	14647
3080624	2	129	9032
3080629	2	249	14647
3080651	2	254	14268
3080666	2	255	13188
3080680	2	286	1162
3080694	2	266	13028
3080712	2	597	8636
3080726	2	266	13028
3080737	2	478	10578
3080752	2	597	8636
3080781	2	273	14313
3080798	2	520	10245
3080849	2	464	8655
3080851	2	266	13028
3080858	2	552	13644
3080871	2	597	8636
3080872	2	339	11882
3080874	2	583	13498
3080875	2	70	8274
3080888	2	573	13268
3080906	2	452	11859
3080907	2	650	3903
3080938	2	339	11882
3080941	2	633	13983
3080946	2	791	7019
3080960	2	339	11882
3081002	2	77	6433
3081005	2	77	12572
3081023	2	550	843
3081026	2	440	9980
3081048	2	221	13873
3081058	2	169	7656
3081075	2	159	465
3081085	2	582	13406
3081088	2	2388	12409
3081090	2	626	455
3081121	2	221	13873
3081122	2	626	455
3081129	2	140	12613
3081130	2	519	13365
3081134	2	475	13607
3081139	2	415	14668
3081144	2	626	455
3081151	2	266	13028
3081155	2	629	12524
3081162	2	103	170
3081166	2	270	2207
3081168	2	130	5428
3081172	2	165	779
3081184	2	221	13873
3081185	2	103	170
3081197	2	716	12297
3081199	2	626	455
3081210	2	254	14268
3081228	2	557	13338
3081230	2	79	13375
3081234	2	386	11986
3081236	2	266	13028
3081238	2	644	11579
3081246	2	230	1210
3081255	2	564	10733
3081258	2	310	8293
3081264	2	129	14177
3081278	2	581	12384
3081283	2	212	7903
3081304	2	168	6915
3081324	2	549	579
3081326	2	254	14268
3081332	2	597	8636
3081344	2	221	13873
3081350	2	626	455
3081359	2	184	14403
3081369	2	651	5088
3081376	2	607	5035
3081379	2	477	14622
3081387	2	277	6574
3081392	2	221	13873
3081393	2	62	7265
3081410	2	90	11540
3081415	2	624	10000
3081417	2	131	13432
3081425	2	131	13432
3081429	2	475	13607
3081442	2	230	1210
3081454	2	169	7656
3081467	2	643	6866
3081468	2	475	13607
3081471	2	449	6478
3081480	2	212	7903
3081481	2	166	4797
3081489	2	520	10245
3081508	2	313	429
3081527	2	520	10245
3081532	2	255	13747
3081534	2	703	12717
3081536	2	651	5088
3081537	2	640	2407
3081565	2	214	7122
3081569	2	65	12432
3081575	2	111	13168
3081579	2	651	5088
3081585	2	221	13873
3081587	2	249	7108
3081605	2	595	1265
3081611	2	313	429
3081615	2	161	6856
3081626	2	168	10888
3081644	2	221	13873
3081648	2	250	14057
3081655	2	381	8630
3081664	2	588	3239
3081671	2	651	5088
3081714	2	221	13873
3081716	2	168	10888
3081722	2	651	5088
3081738	2	364	1063
3081753	2	244	4824
3081758	2	607	5035
3081761	2	244	4824
3081765	2	90	11540
3081766	2	135	14072
3081769	2	607	5035
3081779	2	651	5088
3081783	2	576	12566
3081829	2	221	13873
3081847	2	183	14333
3081851	2	351	8252
3081881	2	381	8630
3081890	2	651	5088
3081891	2	477	14622
3081924	2	381	8630
3081962	2	95	10084
3081972	2	2388	12409
3081988	2	157	8093
3082000	2	95	10084
3082004	2	351	8252
3082009	2	2388	9690
3082015	2	244	4824
3082020	2	168	154
3082036	2	340	1977
3082052	2	150	1033
3082078	2	121	11038
3082098	2	457	13819
3082100	2	95	10084
3082102	2	221	13873
3082106	2	651	5088
3082107	2	168	6915
3082111	2	95	10084
3082127	2	351	8252
3082128	2	651	5088
3082153	2	445	13874
3082161	2	464	8655
3082191	2	372	13380
3082198	2	327	13519
3082201	2	651	5088
3082203	2	410	13444
3082219	2	445	13874
3082220	2	698	13436
3082223	2	188	13750
3082226	2	268	9414
3082236	2	221	13873
3082238	2	722	13396
3082239	2	153	8276
3082253	2	477	14622
3082258	2	651	5088
3082261	2	265	2762
3082266	2	268	9414
3082276	2	349	12117
3082280	2	620	5752
3082289	2	351	8252
3082292	2	268	9414
3082293	2	339	11882
3082296	2	672	12023
3082300	2	90	11540
3082303	2	168	10888
3082314	2	651	5088
3082316	2	118	7472
3082319	2	339	11882
3082337	2	268	9414
3082340	2	334	14224
3082348	2	351	8252
3082355	2	349	12117
3082368	2	351	8252
3082377	2	163	12038
3082379	2	221	13873
3082384	2	651	5088
3082388	2	597	8636
3082392	2	680	771
3082399	2	351	8252
3082412	2	90	11540
3082416	2	544	12063
3082417	2	161	7308
3082440	2	700	640
3082459	2	221	13873
3082471	2	268	9414
3082479	2	372	13380
3082482	2	338	7893
3082485	2	98	12558
3082487	2	338	7893
3082488	2	525	14021
3082490	2	378	11372
3082500	2	221	13873
3082502	2	221	13873
3082505	2	221	13873
3082506	2	221	13873
3082507	2	221	13873
3082508	2	221	13873
3082509	2	221	13873
3082510	2	221	13873
3082511	2	221	13873
3084180	2	625	6595
3084662	2	625	7821
3085750	2	411	11578
3086339	2	791	2565
3086400	2	249	14829
3089532	2	629	12524
3090296	2	249	8692
3090443	2	158	14276
3090827	2	600	4962
3093735	2	648	14363
3094558	2	330	14352
3095710	2	625	7683
3095744	2	625	7683
3097385	2	625	7821
3099573	2	625	8780
3100075	2	299	13450
3100237	2	189	8366
3100416	2	660	7804
3101222	2	629	12524
3103431	2	607	5035
3104054	2	322	13842
3104982	2	168	154
3106199	2	625	8780
3106846	2	629	12524
3107318	2	625	7683
3107441	2	607	5035
3108584	2	279	12744
3109554	2	354	13423
3111036	2	279	12744
3112174	2	625	8780
3114083	2	236	11076
3114120	2	511	14726
3114598	2	629	12524
3114691	2	626	455
3116944	2	222	7667
3118008	2	279	11425
3118799	2	154	10802
3120788	2	103	15042
3120829	2	625	2563
3121094	2	279	13227
3121441	2	279	11425
3121844	2	638	14997
3123570	2	629	12524
3124672	2	322	13842
3125034	2	278	6039
3125105	2	625	12641
3125581	2	276	14257
3128298	2	249	13181
3130400	2	219	14457
3131461	2	221	10605
3131842	2	154	15836
3136170	2	325	11830
3136749	2	254	14268
3141628	2	651	5088
3142283	2	317	887
3144884	2	652	14129
3145562	2	625	6595
3146702	2	625	6595
3146841	2	625	8780
3148031	2	597	8636
3148721	2	544	14497
3149851	2	2388	14184
3150599	2	186	13967
3151260	2	625	7821
3151296	2	96	11980
3151642	2	444	9724
3151835	2	332	2318
3154309	2	687	11854
3155361	2	116	8209
3156603	2	221	7904
3157935	2	154	10802
3158207	2	154	10802
3158685	2	325	11830
3158790	2	625	7821
3159396	2	236	11076
3159659	2	607	5035
3161461	2	501	954
3162548	2	279	12744
3163457	2	317	887
3163618	2	221	10605
3164463	2	358	15329
3165756	2	154	10802
3165962	2	154	15836
3167129	2	135	14072
3167140	2	625	6595
3168889	2	133	14378
3168960	2	554	14649
3174471	2	653	13389
3175102	2	625	7821
3177189	2	625	8780
3177242	2	249	15542
3179350	2	388	1777
3179780	2	243	10576
3181522	2	651	5088
3182731	2	615	15680
3183414	2	232	7477
3183590	2	232	7477
3183893	2	151	14009
3184646	2	377	1173
3185625	2	546	5814
3185766	2	388	1777
3187050	2	221	12805
3189265	2	456	13447
3189627	2	90	11540
3191058	2	546	5814
3191117	2	347	8090
3193713	2	625	12641
3194179	2	229	469
3195114	2	597	9206
3195183	2	532	11815
3195394	2	399	15580
3196613	2	629	15163
3196798	2	254	15655
3198025	2	629	15163
3198528	2	284	7794
3198601	2	127	10590
3198745	2	625	8780
3199602	2	625	9531
3199792	2	221	10605
3200156	2	521	14199
3200191	2	214	7122
3201341	2	607	5035
3201356	2	625	8780
3201818	2	399	15580
3201832	2	407	706
3202165	2	264	1545
3202591	2	411	11578
3204445	2	95	10084
3204626	2	519	13365
3204740	2	597	9206
3204786	2	687	11854
3205586	2	411	11578
3206699	2	373	13488
3207331	2	166	4797
3209142	2	597	15192
3209733	2	168	6915
3211537	2	174	15827
3211831	2	281	15418
3212588	2	651	16119
3212932	2	236	11076
3213134	2	625	12641
3213559	2	399	15580
3214238	2	625	12641
3214794	2	399	15580
3215427	2	698	13436
3215697	2	629	15163
3217437	2	158	14276
3218978	2	249	13181
3219501	2	651	16117
3219770	2	625	12641
3220601	2	2388	12664
3223285	2	411	11578
3223995	2	397	807
3224213	2	702	3425
3225232	2	648	14090
3225857	2	597	15192
3228026	2	279	6465
3228257	2	629	15163
3229021	2	337	15108
3229568	2	221	10605
3229797	2	279	13765
3231749	2	279	14965
3231803	2	284	7794
3232273	2	127	10590
3232926	2	279	6465
3232967	2	221	10605
3233005	2	320	14676
3233399	2	625	8780
3233620	2	291	12963
3235854	2	80	8881
3236545	2	625	7821
3237518	2	145	8030
3239335	2	411	11578
3240727	2	457	15383
3240811	2	625	6595
3240822	2	457	5943
3241754	2	411	11578
3243979	2	461	2664
3244866	2	625	7683
3245119	2	511	15841
3246239	2	629	15163
3247507	2	519	16499
3247722	2	417	13135
3248319	2	254	15655
3248782	2	168	154
3249350	2	249	8692
3252329	2	158	14276
3252618	2	529	6757
3253714	2	646	14309
3254313	2	525	14021
3257655	2	625	9531
3258123	2	221	7851
3259138	2	221	7851
3259212	2	249	16105
3259809	2	625	6595
3261042	2	325	11830
3261908	2	625	9531
3261987	2	625	7821
3263178	2	625	6595
3264184	2	279	13765
3264847	2	625	7683
3265789	2	607	5035
3265911	2	504	16541
3271000	2	625	8780
3272173	2	101	16555
3272563	2	625	6595
3273233	2	625	7821
3273497	2	186	15658
3274294	2	249	13181
3274521	2	156	16384
3275056	2	526	14729
3275087	2	625	12641
3275867	2	168	10878
3276231	2	625	6595
3277606	2	279	11425
3278802	2	621	13209
3279711	2	457	4837
3280693	2	399	15580
3282988	2	277	3073
3284996	2	292	16841
3285787	2	302	15224
3286618	2	292	16841
3286679	2	342	7955
3287384	2	279	11425
3287950	2	347	8090
3288113	2	187	16336
3290159	2	62	7265
3290714	2	625	6595
3292434	2	706	13003
3292550	2	411	11578
3293669	2	411	11578
3294910	2	679	16355
3295005	2	625	6595
3295008	2	625	7683
3295136	2	401	13461
3295857	2	411	6031
3297675	2	399	15580
3299271	2	367	8175
3301471	2	273	14313
3301654	2	399	15580
3301727	2	236	16609
3303873	2	168	14335
3305109	2	605	2261
3307304	2	607	5035
3308820	2	383	16249
3310278	2	703	13666
3310397	2	321	5113
