411,987	33.885	82	0,04	95,97	12.037	2,8
211,055	3.479	16	-0,32	91,98	1.257	2,8
474,554	34.578	73	1,06	91,66	11.391	3,0
142,961	7.739	54	0,30	91,42	2.696	2,9
60,126	18.058	300	0,65	99,1	6.091	3,0
404,463	5.833	14	0,59	77,25	2.051	2,8
3,612	3.004	832	1,54	100	1.111	2,7
966,708	35.676	37	0,48	96,14	11.370	3,1
159,600	5.512	35	1,78	80,01	1.859	3,0
118,915	3.920	33	0,11	88,85	1.430	2,7
313,007	3.973	13	0,59	83,11	1.364	2,9
928,956	15.558	17	-0,04	90,62	5.241	3,0
318,574	4.047	13	-0,20	83,32	1.442	2,8
83,660	17.636	211	0,67	83,87	5.708	3,1
362,411	3.700	10	-0,75	71,97	1.446	2,6
347,647	23.677	68	0,10	90,96	8.122	2,9
153,662	4.922	32	0,83	66,25	1.099	4,5
84,879	3.126	37	0,59	91,62	996	3,1
133,912	227.223	1.697	1,11	99,53	77.957	2,9
122,785	38.572	314	1,64	99,24	12.578	3,1
252,876	5.733	23	0,07	86,66	2.107	2,7
445,323	68.602	154	0,60	82,68	22.978	3,0
325,953	4.694	14	1,30	82,59	1.601	2,9
964,226	55.886	58	0,14	94,03	19.325	2,9
1.027,288	23.811	23	1,02	73,95	8.071	3,0
736,557	6.367	9	1,74	77,84	2.121	3,0
320,840	3.898	12	0,61	86,2	1.297	3,0
121,076	35.501	293	0,20	98,55	11.299	3,1
179,004	4.222	24	-0,76	85,62	1.548	2,7
974,322	24.688	25	-0,30	78,7	8.057	3,1
145,204	19.855	137	2,23	100	6.230	3,2
1.167,126	188.097	161	0,51	98,07	66.842	2,8
255,327	30.876	121	1,81	68,74	10.165	3,0
202,829	5.402	27	0,69	95,69	1.843	2,9
285,908	6.149	22	0,06	80,57	2.070	3,0
156,903	2.472	16	-0,13	76,98	846	2,9
1.003,625	222.791	222	0,96	97,16	78.236	2,8
644,831	127.501	198	1,03	95,04	42.015	3,0
264,904	1.841	7	-0,65	62,09	654	2,8
504,973	8.094	16	0,46	82,47	2.871	2,8
305,227	3.789	12	0,36	67,04	1.176	3,2
85,907	10.753	125	0,24	91,7	3.403	3,2
132,624	9.098	69	0,91	94,7	3.055	3,0
178,026	50.351	283	1,92	90,54	16.745	3,0
96,167	85.286	887	1,90	96,22	26.118	3,3
69,373	1.777	26	-0,25	73,38	637	2,8
460,609	99.591	216	0,67	95,64	34.515	2,9
478,521	135.875	284	1,03	92,98	43.471	3,1
434,498	14.408	33	0,21	92,82	5.176	2,8
540,689	5.191	10	0,66	67,15	1.775	2,9
338,370	11.867	35	0,72	84,55	3.458	3,4
1.213,055	86.238	71	0,57	96,32	29.133	3,0
110,372	15.893	144	1,25	93,87	5.510	2,9
91,635	3.698	40	0,11	32,18	485	7,6
149,881	8.429	56	0,48	92,93	3.006	2,8
616,427	10.514	17	0,41	83,17	3.596	2,9
153,142	3.301	22	0,84	63,04	1.140	2,9
205,212	7.072	34	1,02	85,25	2.327	3,0
444,405	33.315	75	0,77	96,01	11.148	3,0
150,121	35.001	233	-0,10	98,1	11.985	2,9
405,681	5.439	13	0,53	29,44	1.747	3,1
1.007,670	7.670	8	-0,11	45,02	2.502	3,1
1.566,161	116.439	74	0,55	96,95	40.169	2,9
146,025	31.199	214	1,32	98,89	10.183	3,1
65,701	257.525	3.920	0,98	100	82.602	3,1
170,912	20.276	119	-0,12	87,98	6.782	3,0
849,526	59.167	70	0,68	88,44	19.964	3,0
667,684	358.619	537	0,61	98,33	122.951	2,9
683,192	74.483	109	-0,11	95,96	25.454	2,9
301,687	2.866	9	1,01	94,73	989	2,9
244,158	10.777	44	0,00	91	3.669	2,9
491,546	58.595	119	3,06	98,89	19.089	3,1
158,025	7.606	48	1,11	93,73	2.725	2,8
530,031	117.793	222	1,17	97,27	41.404	2,8
317,406	31.195	98	1,28	86,82	9.825	3,2
690,748	14.303	21	0,68	91,23	4.724	3,0
363,926	11.767	32	1,17	93,09	3.822	3,1
653,541	10.651	16	1,50	63,76	3.675	2,9
248,954	54.817	220	1,86	94,07	18.097	3,0
108,366	22.966	212	2,26	90,28	7.685	3,0
133,578	3.766	28	0,77	72,84	1.132	3,3
118,951	810	7	0,09	77,9	266	3,0
122,110	4.615	38	1,14	90,79	1.452	3,2
552,256	15.114	27	0,58	93,14	5.303	2,9
347,989	2.497	7	1,24	91,71	820	3,0
1.482,642	137.334	93	1,11	96,56	47.244	2,9
512,584	159.292	311	1,20	97,96	51.607	3,1
195,176	5.402	28	1,07	91,5	1.815	3,0
105,689	2.713	26	0,77	84,81	928	2,9
278,458	23.177	83	1,37	98,5	7.535	3,1
1.101,374	23.212	21	1,06	86,72	7.720	3,0
1.195,910	19.304	16	0,57	82,83	6.084	3,2
326,921	16.268	50	0,78	95,52	5.798	2,8
266,420	4.236	16	0,64	83,19	1.535	2,8
239,974	4.317	18	-0,16	87,05	1.489	2,9
260,234	47.068	181	1,81	88,34	14.753	3,2
368,990	89.483	243	0,79	85,56	28.212	3,2
287,990	31.623	110	0,72	82,95	10.216	3,1
468,215	18.752	40	0,16	70,74	6.156	3,0
920,280	17.060	19	0,39	89,19	5.806	2,9
253,352	4.098	16	0,09	84,33	1.490	2,8
97,642	96.368	987	1,57	98,09	30.795	3,1
551,159	5.435	10	1,11	38,31	1.858	2,9
131,386	73.588	560	2,02	98,68	24.119	3,1
454,436	28.697	63	0,16	73,82	9.233	3,1
176,929	10.016	57	0,37	94,59	3.475	2,9
660,088	24.981	38	0,97	89,26	8.248	3,0
185,031	5.738	31	0,44	87,14	1.993	2,9
794,571	1.150.753	1.448	0,92	98,28	395.983	2,9
79,403	80.282	1.011	1,17	100	25.813	3,1
290,520	49.442	170	0,50	99,38	15.929	3,1
484,199	4.732	10	0,61	81,3	1.650	2,9
1.237,357	12.263	10	0,04	86,43	3.934	3,1
53,261	4.862	91	1,51	95,5	1.444	3,4
595,811	29.987	50	0,05	94,87	10.370	2,9
70,892	2.675	38	0,04	84,19	921	2,9
57,459	4.798	84	1,37	95,44	1.441	3,3
1.640,230	46.247	28	0,02	84,13	14.642	3,2
169,890	19.606	115	1,63	85,66	6.321	3,1
322,878	52.543	163	1,15	97,09	16.286	3,2
484,947	111.787	231	1,51	96,17	37.632	3,0
34,546	387.735	11.224	0,70	100	124.190	3,1
639,248	11.749	18	-0,07	91,7	4.365	2,7
864,225	29.124	34	0,41	82,53	9.049	3,2
191,683	2.529	13	-0,59	74,38	864	2,9
1.065,318	19.929	19	1,49	75,46	6.497	3,1
290,596	116.051	399	0,41	99,2	40.851	2,8
148,393	7.418	50	0,58	92,9	2.515	2,9
197,838	8.592	43	1,10	81,87	2.965	2,9
511,621	18.716	37	0,96	91,53	6.288	3,0
127,803	44.552	349	1,73	94,83	14.783	3,0
190,392	16.805	88	1,15	67,52	5.213	3,2
175,846	16.394	93	1,21	91,27	5.175	3,2
188,732	12.190	65	0,09	93,82	3.949	3,1
168,590	7.970	47	1,77	96,55	2.636	3,0
422,303	17.550	42	0,15	94,89	5.819	3,0
728,648	6.034	8	0,10	74,28	1.975	3,1
182,793	26.682	146	0,82	96,21	8.279	3,2
466,120	16.882	36	0,52	84,17	5.678	3,0
137,579	23.425	170	1,54	89,82	7.659	3,1
246,825	5.740	23	1,34	84,44	1.999	2,9
303,830	4.874	16	-0,38	80,63	1.704	2,9
278,622	3.936	14	0,23	60,01	1.339	2,9
154,665	67.647	437	2,05	92,87	22.175	3,1
441,680	7.059	16	-0,31	74,46	2.663	2,7
323,994	233.703	721	2,20	100	73.196	3,2
311,423	33.633	108	0,87	98,28	10.619	3,2
385,230	8.187	21	1,11	80,31	2.730	3,0
149,330	2.158	14	-0,76	69,83	786	2,7
305,699	79.117	259	0,39	97,67	25.395	3,1
142,879	126.059	882	0,87	100	42.470	3,0
1.407,250	21.691	15	-0,12	60,68	7.520	2,9
753,706	32.048	43	0,46	91,85	10.657	3,0
30,732	399.510	13.000	0,50	100	131.745	3,0
88,133	1.712	19	0,20	80,72	631	2,7
223,749	10.966	49	-0,32	72,92	3.732	2,9
149,729	8.615	58	1,19	97,77	2.923	2,9
632,972	26.305	42	0,88	96,36	8.524	3,1
77,939	2.058	26	-0,26	93,78	755	2,7
205,874	8.516	41	-0,16	91,62	3.017	2,8
487,688	44.545	91	0,43	92,74	15.392	2,9
264,557	12.059	46	-0,23	91,57	4.214	2,9
111,376	9.200	83	1,79	97,75	2.974	3,1
515,258	6.244	12	-0,18	81,87	2.123	2,9
1.654,256	14.990	9	0,34	49,21	4.642	3,2
202,360	16.901	84	1,01	82,94	5.199	3,3
93,980	3.393	36	1,23	93,04	1.157	2,9
83,129	2.408	29	-0,09	87,79	854	2,8
70,398	261.836	3.719	1,26	100	81.231	3,2
155,641	66.470	427	0,83	97,33	20.883	3,2
225,167	3.059	14	0,19	86,4	1.104	2,8
109,941	19.190	175	2,94	75,28	6.339	3,0
389,235	42.405	109	0,17	90,58	14.074	3,0
193,666	4.629	24	1,27	85,53	1.557	3,0
74,144	10.777	145	1,03	79,76	3.412	3,2
264,987	2.658	10	0,00	84,61	870	3,1
296,281	8.132	27	-0,13	86,19	2.902	2,8
573,894	9.514	17	-0,11	64,31	3.200	3,0
429,171	15.534	36	0,20	82,39	5.292	2,9
169,990	5.566	33	0,08	89,13	1.966	2,8
549,797	65.776	120	0,24	96,94	23.742	2,8
100,504	1.622	16	0,54	59,19	566	2,9
29,564	185.584	6.277	1,43	95,51	58.672	3,2
224,711	1.628	7	-1,07	85,63	612	2,7
204,236	2.897	14	-0,52	83,81	1.109	2,6
524,138	12.315	23	-0,59	78,9	3.906	3,2
225,886	2.731	12	-0,51	90,88	967	2,8
605,679	335.564	554	0,75	98,24	111.333	3,0
49,001	168.120	3.431	1,23	99,8	53.065	3,2
132,775	146.129	1.101	1,53	92,13	43.355	3,4
138,681	2.694	19	-0,07	87,45	985	2,7
355,914	6.663	19	-0,74	76,66	2.415	2,8
555,807	42.654	77	-0,15	93,11	14.310	3,0
180,569	4.614	26	1,39	92,8	1.518	3,0
243,766	4.553	19	0,44	87,31	1.515	3,0
494,376	10.671	22	0,00	87,59	3.863	2,8
676,755	10.817	16	0,07	80,35	3.227	3,4
272,800	4.698	17	0,41	76,07	1.562	3,0
277,154	11.576	42	1,19	92,55	3.770	3,1
217,811	5.493	25	0,18	90,19	1.830	3,0
1.258,465	38.619	31	0,47	96,81	13.415	2,9
325,126	20.021	62	1,67	90,27	6.904	2,9
408,292	17.724	43	-0,23	41,59	5.687	3,1
362,183	20.521	57	0,48	97,44	6.754	3,0
569,197	8.428	15	-0,02	81,22	2.990	2,8
641,501	10.685	17	1,00	92,09	3.635	2,9
85,700	1.937	23	-0,24	89	738	2,6
461,746	6.452	14	0,11	89,43	2.132	3,0
955,637	31.696	33	0,51	93,62	10.978	2,9
270,816	28.330	105	1,34	86,05	9.013	3,1
752,636	116.597	155	0,58	95,34	37.901	3,1
567,884	15.395	27	0,84	57,76	4.159	3,7
270,289	38.010	141	1,00	98,29	12.510	3,0
144,794	308.522	2.131	0,86	99,98	97.651	3,2
318,675	1.313.169	4.121	1,05	100	417.846	3,1
413,567	7.297	18	0,68	78,48	2.327	3,1
252,477	5.004	20	0,75	87,89	1.738	2,9
364,252	9.091	25	0,65	93,08	3.121	2,9
65,577	13.616	208	2,76	81,71	4.279	3,2
62,416	218.934	3.508	1,87	100	68.982	3,2
547,393	10.939	20	1,29	88,23	3.601	3,0
321,948	6.320	20	-0,23	82,96	2.181	2,9
401,381	6.731	17	0,87	44,5	1.545	4,4
290,978	33.572	115	1,29	96,45	10.546	3,2
271,912	11.733	43	1,08	93,22	4.147	2,8
228,230	7.274	32	1,15	93,58	2.471	2,9
689,391	57.022	83	1,02	96,62	19.358	2,9
1.058,082	74.875	71	0,73	36,32	24.358	3,1
362,355	7.867	22	0,77	86,44	2.677	2,9
594,974	7.828	13	0,38	91,84	2.657	2,9
97,747	23.897	244	0,33	99,43	7.616	3,1
468,246	29.037	62	0,55	95,15	10.102	2,9
292,953	9.169	31	0,55	83,93	3.107	3,0
1.978,795	29.235	15	0,20	87,26	9.690	3,0
196,567	9.901	50	1,37	100	3.488	2,8
652,641	25.591	39	0,30	93,84	8.858	2,9
346,389	31.988	92	1,86	99,31	11.089	2,9
311,545	232.586	747	2,10	98,99	76.528	3,0
129,367	4.791	37	-0,10	87,41	1.708	2,8
279,606	3.863	14	-0,15	89,67	1.464	2,6
87,119	3.818	44	0,74	89,81	1.313	2,9
209,554	14.247	68	0,61	93,63	4.602	3,1
170,289	32.632	192	2,11	61,71	9.771	3,3
190,010	7.087	37	2,41	89,45	2.269	3,1
136,028	5.011	37	1,70	63,44	1.706	2,9
1.152,059	4.366	4	0,21	62,83	1.357	3,2
466,461	15.360	33	1,20	96,58	5.182	3,0
115,118	22.655	197	1,81	98,21	7.280	3,1
257,612	7.604	30	0,64	91,6	2.556	3,0
214,461	7.460	35	-0,61	70,7	2.225	3,4
1.110,350	17.653	16	-0,17	73,72	5.889	3,0
1.082,782	25.753	24	1,02	78,52	8.134	3,2
502,066	14.618	29	0,06	86,75	5.224	2,8
230,355	3.539	15	1,27	78,75	1.149	3,1
601,711	95.235	158	1,31	99,2	31.880	3,0
183,015	3.186	17	-0,19	54,52	1.029	3,1
150,742	164.559	1.092	1,10	99,17	50.090	3,3
1.789,350	155.410	87	1,07	91,67	48.714	3,2
1.826,258	90.414	50	0,43	89,32	29.616	3,1
82,658	226.211	2.737	1,74	100	71.186	3,2
518,416	70.802	137	0,47	93,47	23.468	3,0
406,478	4.075	10	0,71	50,58	1.316	3,1
996,747	41.120	41	0,38	93,05	14.555	2,8
507,997	14.635	29	0,09	79,83	5.025	2,9
140,023	13.314	95	1,31	96,69	4.339	3,1
301,653	4.748	16	1,25	79,91	1.588	3,0
82,622	355.502	4.303	1,45	100	109.844	3,2
1.003,860	48.633	48	0,21	92,63	16.577	2,9
273,667	16.720	61	1,13	69,29	5.429	3,1
322,276	113.324	352	1,62	86,37	37.459	3,0
979,817	19.779	20	1,33	92,74	6.169	3,2
564,603	16.682	30	1,06	91,87	4.560	3,7
161,118	6.167	38	0,61	85,54	1.933	3,2
138,986	7.591	55	0,09	93,11	2.513	3,0
640,719	165.253	258	1,01	94,69	53.652	3,1
200,816	54.901	273	2,99	91,98	17.712	3,1
704,659	39.827	57	0,42	94,15	13.871	2,9
273,438	6.657	24	0,14	94,61	2.213	3,0
706,602	73.541	104	0,38	97,98	25.149	2,9
464,272	223.207	481	0,80	98,62	72.643	3,1
145,133	6.587	45	2,24	90,37	2.219	3,0
704,189	17.182	24	-0,02	54,45	5.716	3,0
141,391	52.125	369	2,40	98,05	17.093	3,0
368,574	47.204	128	0,06	94,1	17.489	2,7
184,413	5.989	32	1,66	47,87	1.983	3,0
17,449	119.011	6.821	1,37	100	39.797	3,0
501,870	41.436	83	1,40	97,62	13.179	3,1
207,549	28.070	135	2,40	83,9	8.906	3,2
687,103	142.860	208	1,26	97,39	47.425	3,0
141,971	3.145	22	-0,07	85,79	1.058	3,0
374,291	12.418	33	0,79	100	4.381	2,8
415,452	4.313	10	0,56	88,08	1.456	3,0
860,200	35.036	41	0,98	91,94	11.891	2,9
128,183	4.570	36	0,45	95,43	1.519	3,0
56,685	3.166	56	1,81	63,52	1.064	3,0
431,207	397.353	921	1,04	96,77	134.721	2,9
582,565	19.666	34	0,71	84,26	6.319	3,1
812,799	18.878	23	-0,28	64,7	6.207	3,0
522,169	29.862	57	0,56	83,62	9.849	3,0
255,472	4.819	19	-0,07	69,21	1.784	2,7
384,274	27.077	70	1,02	90,27	8.988	3,0
537,675	8.570	16	-0,28	48,81	1.802	4,8
167,067	6.995	42	0,87	93,48	2.150	3,3
402,871	98.284	244	1,00	98,17	32.448	3,0
809,541	64.933	80	0,81	98,16	20.906	3,1
580,711	290.613	500	0,75	97,52	96.247	3,0
48,756	7.456	153	1,54	100	2.629	2,8
570,058	74.120	130	0,54	98,83	25.248	2,9
414,160	85.442	206	0,50	97,46	27.714	3,1
113,940	2.171	19	0,29	84,66	781	2,8
55,133	45.236	820	2,92	97,35	14.837	3,0
314,810	20.701	66	0,59	87,2	6.720	3,1
189,536	2.254	12	0,04	80,83	753	3,0
598,257	13.406	22	2,55	98,15	4.252	3,2
166,576	5.536	33	1,40	93,86	1.828	3,0
155,171	4.400	28	0,16	94,27	1.435	3,1
475,226	2.644	6	-0,38	82,64	959	2,8
224,514	16.736	75	0,42	97,63	5.164	3,2
248,087	7.740	31	0,15	90,12	2.893	2,7
327,567	3.600	11	-0,26	78,5	1.319	2,7
312,282	3.122	10	-0,36	84,82	1.172	2,7
210,149	45.439	216	0,73	80,26	14.710	3,1
320,697	93.418	291	2,10	90,97	28.744	3,3
229,046	9.378	41	0,61	90,84	3.215	2,9
919,519	4.893	5	0,27	44,51	1.327	3,7
533,498	13.473	25	0,15	92,01	4.759	2,8
111,267	2.830	25	1,06	88,69	1.020	2,8
186,544	3.959	21	0,16	84,19	1.405	2,8
1.170,515	227.380	194	0,70	95,51	77.033	3,0
77,827	2.100	27	-0,09	81,48	733	2,9
1.253,564	25.242	20	0,60	86,1	8.305	3,0
524,899	79.171	151	0,45	98,16	26.578	3,0
61,909	447.911	7.235	1,04	100	147.446	3,0
195,151	4.934	25	0,91	85,67	1.777	2,8
228,199	3.775	17	-0,30	71,55	1.329	2,8
148,636	1.890	13	0,03	84,39	677	2,8
820,804	21.151	26	0,49	95,16	7.241	2,9
213,242	12.432	58	0,47	95,53	4.065	3,1
216,825	2.905	13	0,44	66,71	1.127	2,6
1.001,484	19.990	20	-0,43	53,24	6.375	3,1
917,694	28.335	31	0,44	90,69	8.741	3,2
1.238,931	17.566	14	0,43	58,89	6.053	2,9
243,228	56.685	233	0,76	97,47	19.696	2,9
166,125	4.580	28	0,94	81,31	1.580	2,9
855,156	66.606	78	0,07	94,36	21.941	3,0
712,541	419.486	589	1,15	92,57	135.558	3,1
812,753	145.149	179	0,82	95,67	47.630	3,0
497,708	89.390	180	0,48	95,22	30.044	3,0
133,698	3.313	25	0,21	86,87	1.031	3,2
104,352	2.166	21	0,23	86,93	794	2,7
143,205	52.169	364	1,76	99,56	16.860	3,1
110,306	7.589	69	0,86	60,8	2.633	2,9
346,950	47.959	138	0,41	96,53	16.519	2,9
495,559	23.045	47	0,85	92,48	8.197	2,8
263,462	18.408	70	-0,40	94,97	6.337	2,9
233,547	4.007	17	-0,20	82,31	1.469	2,7
240,566	56.359	234	2,07	95,1	17.945	3,1
332,742	4.364	13	0,84	44,04	1.508	2,9
1.388,127	31.383	23	1,09	97,29	10.369	3,0
146,752	12.815	87	1,24	88,9	4.104	3,1
228,700	4.536	20	0,81	77,84	1.569	2,9
250,873	4.256	17	0,24	61,47	1.538	2,8
286,647	2.965	10	1,33	94,54	998	3,0
357,326	4.671	13	1,25	78,91	1.555	3,0
833,372	6.687	8	0,01	42,25	2.516	2,7
326,254	17.842	55	1,21	95,01	5.929	3,0
219,050	8.677	40	-0,16	91,6	3.142	2,8
436,159	10.790	25	0,09	83,17	3.939	2,7
137,609	4.781	35	1,65	90,27	1.672	2,9
217,515	6.289	29	0,96	86,23	2.235	2,8
385,375	9.303	24	1,29	76,18	2.896	3,2
124,473	1.987	16	-0,90	47,86	738	2,7
183,396	1.164	6	0,50	76,29	417	2,8
160,250	10.323	64	1,53	94,41	3.430	3,0
531,796	20.411	38	0,91	93,5	7.119	2,9
34,158	2.188	64	0,08	89,03	801	2,7
265,029	3.547	13	2,14	83,59	1.189	3,0
73,816	3.882	53	1,76	92,58	1.355	2,9
73,788	56.142	761	1,34	98,37	18.713	3,0
117,772	5.256	45	1,99	92,87	1.707	3,1
931,743	38.281	41	0,66	93,67	13.615	2,8
348,265	7.141	21	0,67	94,33	2.450	2,9
301,036	4.149	14	-0,05	84,74	1.458	2,8
198,938	2.560	13	-0,63	70,23	916	2,8
802,555	51.826	65	0,52	95,23	17.730	2,9
242,946	4.126	17	0,88	83,42	1.361	3,0
218,668	6.215	28	0,28	94,8	2.094	3,0
247,378	6.529	26	2,06	93,03	2.258	2,9
291,765	41.570	142	0,64	97,42	13.515	3,1
64,954	676.149	10.410	0,20	100	219.731	3,1
222,130	2.520	11	-0,10	86,39	908	2,8
248,038	31.185	126	0,13	90,88	10.676	2,9
295,818	108.327	366	0,73	97,42	36.640	3,0
266,778	8.129	30	0,60	93,59	2.846	2,9
288,648	9.385	33	1,62	92,68	3.295	2,8
339,375	13.105	39	-0,12	73,68	3.783	3,5
697,701	11.863	17	1,04	85,22	4.279	2,8
82,125	12.398	151	1,84	97,12	4.067	3,0
318,740	9.239	29	-0,53	79,87	3.358	2,8
548,407	21.484	39	0,20	94,09	7.623	2,8
356,050	15.017	42	0,43	97,74	5.161	2,9
1.001,492	43.629	44	0,46	90,62	14.367	3,0
809,576	17.976	22	0,48	30,15	5.924	3,0
155,186	6.169	40	0,65	90,32	2.128	2,9
1.018,724	19.299	19	1,17	84,77	6.474	3,0
140,354	3.873	28	0,22	91,07	1.414	2,7
366,663	10.600	29	-0,33	85,06	3.817	2,8
209,894	6.144	29	1,40	86,08	1.977	3,1
359,414	19.015	53	0,44	70,1	6.126	3,1
84,737	2.050	24	0,13	82,93	762	2,7
602,848	14.031	23	1,11	83,9	4.534	3,1
374,091	6.910	18	1,26	87,6	2.276	3,0
138,777	98.915	713	2,75	99,91	31.449	3,1
256,178	1.774	7	-0,04	75,25	609	2,9
737,986	8.531	12	-0,10	91,34	3.068	2,8
728,735	44.383	61	0,98	93	14.191	3,1
158,587	5.912	37	0,33	27,52	2.003	3,0
260,101	2.455	9	-0,59	63,42	907	2,7
712,604	16.112	23	0,38	74,47	5.335	3,0
108,817	45.161	415	1,21	99,16	14.850	3,0
152,309	2.990	20	0,25	86,35	997	3,0
670,440	10.734	16	0,74	70,17	3.592	3,0
711,315	60.157	85	0,41	96,57	20.666	2,9
974,247	25.276	26	0,18	93,48	8.639	2,9
223,136	8.147	37	1,30	66,79	2.761	3,0
326,216	64.248	197	1,05	99,27	21.126	3,0
232,488	5.714	25	1,13	91,07	1.862	3,1
746,868	53.078	71	0,26	46,67	16.883	3,1
681,248	27.692	41	0,69	81,94	8.753	3,2
729,998	158.974	218	1,14	97,08	50.315	3,2
184,825	15.946	86	0,86	94,66	5.392	3,0
154,530	14.275	92	1,25	50,02	4.869	2,9
482,769	3.534	7	-0,01	78,49	1.282	2,8
175,996	13.754	78	-0,37	93,78	4.590	3,0
385,568	25.929	67	0,46	100	8.651	3,0
1.378,069	382.817	278	0,71	98,13	127.694	3,0
504,591	28.569	57	0,05	91,52	9.888	2,9
823,758	23.169	28	0,30	81,86	7.023	3,3
215,809	10.775	50	0,21	91,35	3.666	2,9
108,489	17.865	165	1,86	100	5.485	3,3
477,675	26.461	55	1,01	95,68	8.826	3,0
727,118	72.691	100	0,53	93,13	25.110	2,9
402,409	12.875	32	0,94	87,04	4.157	3,1
430,638	37.613	87	0,92	97,15	12.404	3,0
289,825	4.964	17	1,55	87,67	1.659	3,0
327,480	3.408	10	0,95	81,57	1.168	2,9
17,264	112.820	6.535	0,91	98,42	35.153	3,2
135,120	5.589	41	0,52	89,01	1.981	2,8
784,674	20.901	27	0,67	93,57	7.153	2,9
183,399	3.376	18	-0,44	86,97	1.253	2,7
356,371	46.869	132	2,24	98,79	15.097	3,1
209,525	4.370	21	1,02	86,43	1.519	2,9
217,505	2.524	12	0,03	87,84	900	2,8
315,938	4.058	13	-0,57	83,02	1.538	2,6
265,689	9.031	34	1,20	48,28	3.180	2,8
556,706	50.877	91	0,58	86,23	16.423	3,1
244,906	53.361	218	0,55	98,21	17.735	3,0
44,468	20.303	457	0,70	75,83	5.350	3,8
342,492	16.296	48	0,78	91,53	5.597	2,9
63,054	2.893	46	0,25	47,91	537	5,4
167,378	19.925	119	2,01	93,09	6.363	3,1
149,253	301.024	2.017	2,04	100	100.821	3,0
175,100	4.983	28	1,17	79,91	1.625	3,1
286,642	4.044	14	-0,28	86,72	1.423	2,8
749,233	13.689	18	0,12	81,97	4.887	2,8
1.260,281	42.060	33	0,26	93,77	14.479	2,9
560,637	217.290	388	0,66	97,96	75.788	2,9
755,203	37.997	50	0,03	96,73	13.234	2,9
779,200	38.481	49	1,10	85,49	12.561	3,1
205,672	3.571	17	1,44	25,82	1.212	2,9
651,341	13.599	21	0,88	94,75	4.550	3,0
234,914	3.136	13	1,62	88,71	1.058	3,0
249,399	12.285	49	1,22	82,01	3.526	3,5
318,937	6.355	20	0,83	92,18	2.214	2,9
121,645	8.852	73	0,40	89,57	2.753	3,2
1.587,498	28.818	18	0,01	91,24	10.083	2,9
309,441	3.843	12	-0,11	68,12	1.331	2,9
263,280	19.203	73	0,55	93,44	6.610	2,9
410,406	7.241	18	-0,11	59,56	1.844	3,9
722,201	54.091	75	-0,04	88,77	17.671	3,1
245,746	7.218	29	1,34	81,35	2.147	3,4
335,748	3.264	10	-0,41	43,01	1.077	3,0
471,553	12.707	27	0,67	94,12	4.214	3,0
697,500	17.723	25	-0,45	56,83	5.684	3,1
148,332	4.548	31	0,91	81,84	1.509	3,0
203,208	4.378	22	-0,22	79,85	1.481	3,0
196,446	2.153	11	-0,22	87,55	782	2,8
333,363	7.483	22	0,12	31,67	2.432	3,1
99,075	117.395	1.185	0,55	100	38.216	3,1
650,916	661.997	1.017	1,32	99,72	229.350	2,9
162,508	3.458	21	0,10	88,4	1.243	2,8
316,639	10.466	33	0,07	82,1	3.393	3,1
358,481	9.776	27	-0,23	90,6	3.424	2,9
498,422	196.904	395	0,81	97,75	67.684	2,9
226,657	33.041	146	1,66	97,66	10.625	3,1
36,341	48.076	1.323	1,30	100	15.933	3,0
631,897	11.170	18	0,81	79,11	3.300	3,4
385,878	5.817	15	-0,84	74,73	2.026	2,9
744,011	18.689	25	-0,77	94,57	6.412	2,9
130,654	10.339	79	1,08	95,73	3.299	3,1
236,484	2.999	13	1,38	59,35	1.028	2,9
242,877	2.956	12	0,47	86,4	1.069	2,8
305,285	5.399	18	0,50	90,33	1.871	2,9
147,935	2.365	16	-0,18	82,03	822	2,9
308,555	5.889	19	1,13	92,58	2.062	2,9
305,776	11.255	37	0,92	93,33	3.709	3,0
424,997	16.468	39	0,75	65,56	5.178	3,2
172,934	5.022	29	0,61	93,13	1.733	2,9
99,738	7.652	77	1,18	83,77	2.537	3,0
133,057	112.449	845	0,93	99,3	36.885	3,0
280,509	43.043	153	1,02	78,62	13.163	3,3
188,441	8.996	48	0,34	91,66	3.082	2,9
455,856	4.059	9	1,36	77,31	1.300	3,1
330,269	14.735	45	0,40	94,6	5.095	2,9
272,692	5.691	21	-0,08	88,24	2.127	2,7
271,030	186.296	687	0,50	99,22	62.244	3,0
272,238	14.059	52	0,31	88,21	4.678	3,0
183,458	2.035	11	-0,34	79,07	719	2,8
150,130	4.247	28	0,87	75,3	1.478	2,9
148,062	2.041	14	0,64	68,5	673	3,0
295,337	32.622	110	1,26	97,65	10.765	3,0
1.114,747	45.452	41	0,50	93,33	15.351	3,0
134,421	5.534	41	-0,09	95,61	1.838	3,0
206,537	30.353	147	0,55	96,06	11.021	2,8
98,291	24.818	252	2,02	98,94	8.398	3,0
363,332	53.748	148	0,93	80,39	17.529	3,1
154,033	8.474	55	0,39	95,47	2.701	3,1
252,621	5.918	23	1,30	90,17	1.969	3,0
166,753	2.815	17	-0,08	90,3	995	2,8
754,141	26.419	35	-0,03	91,31	9.196	2,9
209,800	2.446	12	-0,56	76,41	921	2,7
288,576	25.096	87	0,74	95,97	8.354	3,0
79,192	1.444	18	-0,02	67,52	532	2,7
129,888	1.543	12	-0,89	72	592	2,6
179,949	129.502	720	2,56	100	40.861	3,2
552,876	20.205	37	-0,19	93,98	7.015	2,9
175,782	688.899	3.919	0,27	100	232.871	3,0
310,338	6.541	21	0,54	74,96	2.295	2,9
154,133	22.214	144	1,06	94,67	7.337	3,0
1.308,432	8.077	6	0,84	84,76	2.796	2,9
109,956	5.850	53	-0,23	63,61	1.926	3,0
133,008	6.580	49	0,21	66,91	2.173	3,0
94,465	2.923	31	0,61	92,2	1.054	2,8
128,026	4.555	36	0,92	97,39	1.561	2,9
281,033	425.621	1.514	0,21	99,93	151.086	2,8
252,579	10.501	42	0,05	50,58	3.583	2,9
409,532	799.645	1.953	0,64	98,37	269.198	3,0
15,331	150.860	9.840	0,16	100	53.327	2,8
1.136,907	236.958	208	0,96	96	82.049	2,9
75,579	2.712	36	-0,42	80,9	990	2,7
516,399	86.349	167	0,47	97,08	30.401	2,8
129,462	2.501	19	-0,37	76,89	894	2,8
178,396	1.832	10	0,42	87,39	653	2,8
117,665	2.016	17	-0,61	85,02	736	2,7
410,863	49.220	120	0,83	98,23	16.406	3,0
276,952	8.624	31	0,37	90,62	2.795	3,1
570,685	4.069	7	-0,03	76,68	1.394	2,9
419,684	52.839	126	0,26	91,24	17.356	3,0
431,944	437.273	1.012	1,00	93,93	156.403	2,8
1.099,409	687.544	625	1,28	97,97	223.092	3,1
186,456	15.082	81	1,11	92,51	5.005	3,0
617,315	10.511	17	0,16	59,8	3.694	2,8
650,734	39.202	60	0,32	98,47	12.624	3,1
930,339	31.809	34	0,16	74,47	10.369	3,1
1.521,110	11.696.088	7.689	0,56	99,1	3.951.074	3,0
611,278	33.486	55	0,82	86,19	11.606	2,9
731,221	7.308	10	0,22	76,12	2.536	2,9
306,908	85.059	277	1,11	95,6	27.347	3,1
402,395	83.314	207	1,75	98,87	28.811	2,9
252,410	11.960	47	-0,17	69,61	3.962	3,0
617,252	14.689	24	0,34	91,73	4.861	3,0
148,100	350.254	2.365	0,76	99,81	114.740	3,1
352,592	9.782	28	1,17	78,54	3.264	3,0
141,608	3.636	26	0,05	85,09	1.212	3,0
167,848	3.229	19	0,93	83,4	1.198	2,7
283,144	11.966	42	0,93	71,23	2.913	4,1
203,736	27.164	133	0,43	86,99	9.425	2,9
126,046	42.820	340	1,41	99,33	13.543	3,2
403,089	119.010	295	1,14	99,41	38.873	3,1
1.062,699	12.666	12	-0,38	68,09	4.099	3,1
140,460	16.649	119	1,04	96,41	5.492	3,0
414,782	6.080	15	0,71	52,6	2.014	3,0
449,029	38.221	85	0,60	70,53	13.306	2,9
450,382	637.436	1.415	1,21	98,98	208.854	3,1
594,744	7.639	13	0,39	86,08	2.669	2,9
153,465	271.202	1.767	1,71	98,82	90.143	3,0
330,587	3.790	11	1,66	66,75	1.271	3,0
206,236	282.428	1.369	1,07	96,48	87.492	3,2
345,792	11.759	34	0,50	93,55	4.138	2,8
368,604	15.540	42	0,83	89,16	5.254	3,0
20,388	272.130	13.348	1,57	100	86.476	3,1
607,266	5.954	10	0,60	87,05	2.019	2,9
145,332	12.598	87	2,23	71,64	3.936	3,2
107,059	5.996	56	0,25	92,58	2.017	3,0
132,459	6.313	48	2,13	93,22	2.420	2,6
561,788	22.666	40	0,17	90,69	7.412	3,1
747,218	24.837	33	0,47	92,66	8.902	2,8
755,100	7.749	10	-0,48	74,07	2.457	3,2
221,891	12.635	57	-0,12	87,84	4.114	3,1
53,892	2.739	51	0,07	96,46	916	3,0
594,335	54.321	91	0,09	95,89	18.792	2,9
448,515	22.947	51	0,42	90,25	7.564	3,0
231,792	5.560	24	1,11	57,03	1.705	3,3
201,385	7.070	35	0,99	93,61	2.334	3,0
302,913	14.242	47	1,46	95	4.747	3,0
523,749	116.296	222	1,17	96,72	37.575	3,1
625,003	299.140	479	1,03	97,95	96.611	3,1
296,189	4.711	16	-0,31	73,32	1.466	3,2
1.555,803	22.122	14	0,49	82,25	7.507	2,9
221,541	8.939	40	0,73	96,04	3.038	2,9
404,396	39.836	99	1,14	91,24	13.247	3,0
196,790	2.580	13	-0,37	76,55	903	2,9
71,348	2.299	32	0,29	69,42	838	2,7
315,266	9.597	30	0,41	86,69	3.255	2,9
63,421	1.653	26	0,99	93,22	540	3,1
191,094	44.617	233	1,24	92,27	12.464	3,6
151,594	5.514	36	0,23	87,54	1.995	2,8
126,731	6.382	50	1,08	53,04	2.139	3,0
627,986	63.004	100	-0,11	95,99	21.894	2,9
244,770	14.805	60	0,54	78,53	4.930	3,0
153,235	1.921	13	-0,07	83,81	740	2,6
147,797	1.852	13	-0,96	74,68	701	2,6
209,861	5.838	28	1,45	92,22	1.914	3,1
708,105	85.866	121	1,25	97,65	29.618	2,9
282,179	4.593	16	0,53	73,5	1.590	2,9
252,434	9.626	38	0,24	93,67	3.381	2,8
79,056	1.698	21	0,88	79,33	569	3,0
209,262	8.685	42	-0,25	86,36	3.190	2,7
146,901	1.217	8	-0,40	92,28	455	2,7
323,916	13.039	40	0,37	91,22	4.596	2,8
149,741	12.268	82	1,55	92,53	4.239	2,9
148,538	120.369	810	1,75	95,5	40.564	3,0
857,661	23.574	27	0,64	96,97	6.896	3,4
142,597	9.646	68	1,35	59,22	3.264	3,0
267,178	40.863	153	0,58	95,9	13.740	3,0
42,489	49.842	1.173	2,17	100	15.447	3,2
35,120	116.785	3.325	1,26	100	37.880	3,1
247,716	10.584	43	-0,25	89,13	3.455	3,1
81,604	73.561	901	2,13	96,86	23.944	3,1
217,726	18.050	83	0,62	97,07	6.098	3,0
95,429	7.697	81	1,65	94,19	2.564	3,0
49,832	1.755	35	0,16	87,35	607	2,9
183,517	116.562	635	1,00	96,19	37.217	3,1
420,703	89.776	213	0,85	97,2	32.928	2,7
319,056	2.498	8	0,99	83,63	907	2,8
